MultipliedProfit 2 strategies> 51%
SBER  | 2 | 3 | sell |  7,00 |  4,00 | 2 | 7 | buy  |  7,00 |  2,00 |  over GAZP  | 2 | 6 | sell |  8,00 |  3,00 | 2 | 6 | buy  |  4,00 |  4,00 |  | 2010 |   71,63 |   -4,00 |   -9,35 | 2011 |   55,21 |   -2,59 |   -5,92 | 2012 |   51,14 |    0,00 |   -3,96 | 2013 |   26,01 |   -8,91 |   -8,02
SBER  | 2 | 3 | sell |  7,00 |  4,00 | 2 | 7 | buy  |  7,00 |  2,00 |  over GMKN  | 2 | 2 | sell |  5,00 |  2,00 | 5 | 7 | buy  |  4,00 |  5,00 |  | 2010 |   83,45 |   -4,00 |   -8,25 | 2011 |   54,23 |   -6,33 |   -7,76 | 2012 |   57,04 |    0,00 |   -3,96 | 2013 |   28,10 |   -8,91 |   -8,02
SBER  | 2 | 3 | sell |  8,00 |  3,00 | 2 | 7 | buy  |  7,00 |  2,00 |  over GMKN  | 2 | 2 | sell |  5,00 |  2,00 | 5 | 7 | buy  |  4,00 |  5,00 |  | 2010 |   87,60 |   -8,56 |   -9,58 | 2011 |   51,23 |   -6,33 |   -7,76 | 2012 |   55,67 |    0,00 |   -3,96 | 2013 |   28,10 |   -8,91 |   -8,02
SBER  | 2 | 5 | sell |  8,00 |  3,00 | 2 | 7 | buy  |  8,00 |  2,00 |  over GMKN  | 2 | 2 | sell |  5,00 |  2,00 | 5 | 7 | buy  |  4,00 |  5,00 |  | 2010 |   51,36 |   -3,00 |   -8,39 | 2011 |   61,68 |   -5,00 |   -7,76 | 2012 |   61,65 |  -10,79 |   -7,04 | 2013 |   37,37 |  -14,31 |   -6,02
SummedProfit 2 strategies > 46%
SBER  | 2 | 5 | sell |  8,00 |  3,00 | 2 | 7 | buy  |  8,00 |  2,00 |  over GAZP  | 2 | 6 | sell |  8,00 |  3,00 | 2 | 6 | buy  |  4,00 |  4,00 |  | 2010 |   47,16 |   -3,00 |   -9,83 | 2011 |   46,60 |   -4,93 |   -8,00 | 2012 |   48,11 |  -11,32 |   -7,21 | 2013 |   23,76 |  -15,22 |   -6,12
SBER  | 2 | 3 | sell |  7,00 |  4,00 | 2 | 7 | buy  |  7,00 |  2,00 |  over GMKN  | 2 | 2 | sell |  5,00 |  2,00 | 5 | 7 | buy  |  4,00 |  5,00 |  | 2010 |   66,17 |   -4,00 |   -8,47 | 2011 |   48,01 |   -6,40 |   -8,00 | 2012 |   48,08 |    0,00 |   -4,00 | 2013 |   26,02 |   -9,15 |   -8,27
SBER  | 2 | 5 | sell |  8,00 |  3,00 | 2 | 7 | buy  |  8,00 |  2,00 |  over GMKN  | 2 | 2 | sell |  5,00 |  2,00 | 5 | 7 | buy  |  4,00 |  5,00 |  | 2010 |   46,37 |   -3,00 |   -8,62 | 2011 |   53,08 |   -4,93 |   -8,00 | 2012 |   51,24 |  -11,21 |   -7,21 | 2013 |   33,41 |  -15,22 |   -6,12

######### wrong but interesting data
MultipliedProfit 2 strategies> 100% (!!!)
ROSN  | 2 | 7 | sell |  5,00 |  5,00 | 3 | 7 | buy  |  4,00 |  2,00 |  over SBER  | 2 | 5 | sell |  8,00 |  3,00 | 2 | 7 | buy  |  8,00 |  2,00 |  | 2010 |  163,36 |    0,00 |   -9,69 | 2011 |  102,10 |  -10,88 |  -10,88 | 2012 |  114,78 |   -8,00 |  -13,85 | 2013 |   52,57 |   -3,00 |   -4,59
ROSN  | 2 | 7 | sell |  6,00 |  5,00 | 3 | 6 | buy  |  4,00 |  2,00 |  over SBER  | 2 | 5 | sell |  8,00 |  3,00 | 2 | 7 | buy  |  8,00 |  2,00 |  | 2010 |  192,25 |    0,00 |   -9,74 | 2011 |  107,25 |  -10,88 |  -10,88 | 2012 |  118,66 |   -8,00 |  -13,85 | 2013 |   52,40 |   -4,17 |   -4,59
ROSN  | 2 | 7 | sell |  6,00 |  5,00 | 3 | 7 | buy  |  4,00 |  2,00 |  over SBER  | 2 | 5 | sell |  8,00 |  3,00 | 2 | 7 | buy  |  8,00 |  2,00 |  | 2010 |  184,10 |    0,00 |   -9,69 | 2011 |  109,29 |  -10,88 |  -10,88 | 2012 |  120,66 |   -8,00 |  -13,85 | 2013 |   55,79 |   -3,00 |   -4,59
ROSN  | 2 | 7 | sell |  7,00 |  5,00 | 3 | 6 | buy  |  4,00 |  2,00 |  over SBER  | 2 | 5 | sell |  8,00 |  3,00 | 2 | 7 | buy  |  8,00 |  2,00 |  | 2010 |  176,38 |    0,00 |   -9,74 | 2011 |  106,48 |  -10,88 |  -10,88 | 2012 |  122,80 |   -8,00 |  -13,85 | 2013 |   52,78 |   -4,82 |   -4,59
ROSN  | 2 | 7 | sell |  7,00 |  5,00 | 3 | 7 | buy  |  4,00 |  2,00 |  over SBER  | 2 | 5 | sell |  8,00 |  3,00 | 2 | 7 | buy  |  8,00 |  2,00 |  | 2010 |  168,67 |    0,00 |   -9,69 | 2011 |  108,50 |  -10,88 |  -10,88 | 2012 |  124,85 |   -8,00 |  -13,85 | 2013 |   56,19 |   -3,00 |   -4,59
ROSN  | 2 | 7 | sell |  7,00 |  5,00 | 3 | 7 | buy  |  4,00 |  3,00 |  over SBER  | 2 | 5 | sell |  8,00 |  3,00 | 2 | 7 | buy  |  8,00 |  2,00 |  | 2010 |  161,23 |    0,00 |   -9,46 | 2011 |  108,00 |  -10,88 |  -10,88 | 2012 |  115,82 |   -8,94 |  -13,85 | 2013 |   51,41 |   -4,04 |   -3,58
SBER  | 2 | 5 | sell |  8,00 |  3,00 | 2 | 7 | buy  |  8,00 |  2,00 |  over ROSN  | 2 | 7 | sell |  7,00 |  2,00 | 3 | 7 | buy  |  4,00 |  3,00 |  | 2010 |  149,64 |   -3,00 |   -9,71 | 2011 |  100,58 |   -6,42 |   -6,84 | 2012 |  113,13 |  -13,34 |   -9,32 | 2013 |   52,14 |   -3,00 |   -3,11
SummedProfit 2 strategies > 80%
ROSN  | 2 | 7 | sell |  6,00 |  5,00 | 3 | 6 | buy  |  4,00 |  2,00 |  over SBER  | 2 | 5 | sell |  8,00 |  3,00 | 2 | 7 | buy  |  8,00 |  2,00 |  | 2010 |  114,25 |    0,00 |  -10,03 | 2011 |   80,37 |  -11,23 |  -11,23 | 2012 |   83,64 |   -7,89 |  -14,54 | 2013 |   44,22 |   -3,71 |   -4,63
ROSN  | 2 | 7 | sell |  6,00 |  5,00 | 3 | 7 | buy  |  4,00 |  2,00 |  over SBER  | 2 | 5 | sell |  8,00 |  3,00 | 2 | 7 | buy  |  8,00 |  2,00 |  | 2010 |  111,44 |    0,00 |   -9,97 | 2011 |   81,37 |  -11,23 |  -11,23 | 2012 |   84,63 |   -7,89 |  -14,54 | 2013 |   46,41 |   -3,00 |   -4,63
ROSN  | 2 | 7 | sell |  7,00 |  5,00 | 3 | 6 | buy  |  4,00 |  2,00 |  over SBER  | 2 | 5 | sell |  8,00 |  3,00 | 2 | 7 | buy  |  8,00 |  2,00 |  | 2010 |  108,94 |    0,00 |  -10,03 | 2011 |   80,14 |  -11,23 |  -11,23 | 2012 |   85,64 |   -7,89 |  -14,54 | 2013 |   44,50 |   -4,43 |   -4,63
ROSN  | 2 | 7 | sell |  7,00 |  5,00 | 3 | 7 | buy  |  4,00 |  2,00 |  over SBER  | 2 | 5 | sell |  8,00 |  3,00 | 2 | 7 | buy  |  8,00 |  2,00 |  | 2010 |  106,12 |    0,00 |   -9,97 | 2011 |   81,15 |  -11,23 |  -11,23 | 2012 |   86,63 |   -7,89 |  -14,54 | 2013 |   46,69 |   -3,00 |   -4,63
ROSN  | 2 | 7 | sell |  7,00 |  5,00 | 3 | 7 | buy  |  4,00 |  3,00 |  over SBER  | 2 | 5 | sell |  8,00 |  3,00 | 2 | 7 | buy  |  8,00 |  2,00 |  | 2010 |  103,36 |    0,00 |   -9,74 | 2011 |   81,15 |  -11,23 |  -11,23 | 2012 |   82,51 |   -8,89 |  -14,54 | 2013 |   43,59 |   -3,52 |   -3,50
