SummedProfit 3 strategies > 120%
SBER  | 2 | 3 | sell |  7,00 |  4,00 | 2 | 7 | buy  |  7,00 |  2,00 |  over GAZP  | 2 | 6 | sell |  8,00 |  3,00 | 2 | 6 | buy  |  4,00 |  4,00 |  over NVTK  | 3 | 4 | sell |  4,00 |  5,00 | 3 | 4 | buy  |  4,00 |  4,00 |  | 2010 |   55,36 |   -4,00 |   -9,68 | 2011 |   52,54 |   -2,40 |   -6,00 | 2012 |   48,15 |    0,00 |   -4,00 | 2013 |   24,36 |   -9,15 |   -8,27
SBER  | 2 | 3 | sell |  7,00 |  4,00 | 2 | 7 | buy  |  7,00 |  2,00 |  over GAZP  | 2 | 6 | sell |  8,00 |  3,00 | 2 | 6 | buy  |  4,00 |  4,00 |  over NVTK  | 3 | 4 | sell |  4,00 |  5,00 | 3 | 4 | buy  |  4,00 |  5,00 |  | 2010 |   54,36 |   -4,00 |   -9,68 | 2011 |   52,54 |   -2,40 |   -6,00 | 2012 |   48,15 |    0,00 |   -4,00 | 2013 |   24,36 |   -9,15 |   -8,27
SBER  | 2 | 3 | sell |  7,00 |  4,00 | 2 | 7 | buy  |  7,00 |  2,00 |  over GAZP  | 2 | 6 | sell |  8,00 |  3,00 | 2 | 6 | buy  |  4,00 |  4,00 |  over NVTK  | 3 | 7 | sell |  4,00 |  5,00 | 3 | 4 | buy  |  4,00 |  5,00 |  | 2010 |   54,36 |   -4,00 |   -9,68 | 2011 |   52,54 |   -2,40 |   -6,00 | 2012 |   48,15 |    0,00 |   -4,00 | 2013 |   24,36 |   -9,15 |   -8,27
SBER  | 2 | 3 | sell |  7,00 |  4,00 | 2 | 7 | buy  |  7,00 |  2,00 |  over GAZP  | 2 | 7 | sell |  6,00 |  3,00 | 2 | 6 | buy  |  5,00 |  4,00 |  over NVTK  | 3 | 4 | sell |  4,00 |  5,00 | 3 | 4 | buy  |  4,00 |  4,00 |  | 2010 |   55,36 |   -4,00 |   -9,68 | 2011 |   49,54 |   -1,40 |   -6,00 | 2012 |   48,15 |    0,00 |   -4,00 | 2013 |   25,38 |   -9,15 |   -8,27
SBER  | 2 | 3 | sell |  7,00 |  4,00 | 2 | 7 | buy  |  7,00 |  2,00 |  over GAZP  | 2 | 7 | sell |  6,00 |  3,00 | 2 | 6 | buy  |  5,00 |  4,00 |  over NVTK  | 3 | 4 | sell |  4,00 |  5,00 | 3 | 4 | buy  |  4,00 |  5,00 |  | 2010 |   54,36 |   -4,00 |   -9,68 | 2011 |   49,54 |   -1,40 |   -6,00 | 2012 |   48,15 |    0,00 |   -4,00 | 2013 |   25,38 |   -9,15 |   -8,27
SBER  | 2 | 3 | sell |  7,00 |  4,00 | 2 | 7 | buy  |  7,00 |  2,00 |  over GAZP  | 2 | 7 | sell |  6,00 |  3,00 | 2 | 6 | buy  |  5,00 |  4,00 |  over NVTK  | 3 | 7 | sell |  4,00 |  5,00 | 3 | 4 | buy  |  4,00 |  5,00 |  | 2010 |   54,36 |   -4,00 |   -9,68 | 2011 |   49,54 |   -1,40 |   -6,00 | 2012 |   48,15 |    0,00 |   -4,00 | 2013 |   25,38 |   -9,15 |   -8,27
SBER  | 2 | 3 | sell |  7,00 |  4,00 | 2 | 7 | buy  |  7,00 |  2,00 |  over GAZP  | 2 | 6 | sell |  8,00 |  3,00 | 2 | 6 | buy  |  4,00 |  4,00 |  over GMKN  | 2 | 2 | sell |  5,00 |  2,00 | 5 | 7 | buy  |  4,00 |  5,00 |  | 2010 |   66,17 |   -4,00 |   -8,47 | 2011 |   56,01 |   -2,40 |   -6,00 | 2012 |   48,08 |    0,00 |   -4,00 | 2013 |   24,36 |   -9,15 |   -8,27
SBER  | 2 | 3 | sell |  7,00 |  4,00 | 2 | 7 | buy  |  7,00 |  2,00 |  over GAZP  | 2 | 7 | sell |  6,00 |  3,00 | 2 | 6 | buy  |  5,00 |  4,00 |  over GMKN  | 2 | 2 | sell |  5,00 |  2,00 | 5 | 7 | buy  |  4,00 |  5,00 |  | 2010 |   66,17 |   -4,00 |   -8,47 | 2011 |   53,01 |   -1,40 |   -6,00 | 2012 |   48,08 |    0,00 |   -4,00 | 2013 |   25,38 |   -9,15 |   -8,27
SBER  | 2 | 3 | sell |  7,00 |  4,00 | 2 | 7 | buy  |  7,00 |  2,00 |  over ROSN  | 2 | 7 | sell |  7,00 |  5,00 | 3 | 4 | buy  |  4,00 |  4,00 |  over GMKN  | 2 | 2 | sell |  5,00 |  2,00 | 5 | 7 | buy  |  4,00 |  5,00 |  | 2010 |   62,17 |   -4,00 |   -8,47 | 2011 |   48,01 |   -6,40 |   -8,00 | 2012 |   48,08 |    0,00 |   -4,00 | 2013 |   26,02 |   -9,15 |   -8,27
SBER  | 2 | 3 | sell |  7,00 |  4,00 | 2 | 7 | buy  |  7,00 |  2,00 |  over GMKN  | 2 | 2 | sell |  5,00 |  2,00 | 5 | 7 | buy  |  4,00 |  5,00 |  over GAZP  | 2 | 6 | sell |  8,00 |  3,00 | 2 | 6 | buy  |  4,00 |  4,00 |  | 2010 |   66,17 |   -4,00 |   -8,47 | 2011 |   56,01 |   -2,40 |   -6,00 | 2012 |   48,08 |    0,00 |   -4,00 | 2013 |   26,02 |   -9,15 |   -8,27
SBER  | 2 | 3 | sell |  7,00 |  4,00 | 2 | 7 | buy  |  7,00 |  2,00 |  over GMKN  | 2 | 2 | sell |  5,00 |  2,00 | 5 | 7 | buy  |  4,00 |  5,00 |  over GAZP  | 2 | 7 | sell |  6,00 |  3,00 | 2 | 6 | buy  |  5,00 |  4,00 |  | 2010 |   66,17 |   -4,00 |   -8,47 | 2011 |   53,01 |   -1,40 |   -6,00 | 2012 |   48,08 |    0,00 |   -4,00 | 2013 |   26,02 |   -9,15 |   -8,27
SBER  | 2 | 3 | sell |  7,00 |  4,00 | 2 | 7 | buy  |  7,00 |  2,00 |  over GMKN  | 2 | 2 | sell |  5,00 |  2,00 | 5 | 7 | buy  |  4,00 |  5,00 |  over RTKM  | 4 | 4 | buy  |  7,00 |  2,00 | 2 | 4 | sell |  4,00 |  5,00 |  | 2010 |   62,19 |   -9,00 |   -9,00 | 2011 |   48,01 |   -6,40 |   -9,00 | 2012 |   48,08 |    0,00 |   -4,00 | 2013 |   30,02 |   -9,15 |   -8,27
SBER  | 2 | 3 | sell |  7,00 |  4,00 | 2 | 7 | buy  |  7,00 |  2,00 |  over GMKN  | 2 | 2 | sell |  5,00 |  2,00 | 5 | 7 | buy  |  4,00 |  5,00 |  over RTKM  | 4 | 4 | buy  |  8,00 |  2,00 | 2 | 4 | sell |  4,00 |  5,00 |  | 2010 |   62,19 |   -9,00 |   -9,00 | 2011 |   48,01 |   -6,40 |   -9,00 | 2012 |   48,08 |    0,00 |   -4,00 | 2013 |   30,02 |   -9,15 |   -8,27
SBER  | 2 | 3 | sell |  7,00 |  4,00 | 2 | 7 | buy  |  7,00 |  2,00 |  over GMKN  | 2 | 2 | sell |  5,00 |  2,00 | 5 | 7 | buy  |  4,00 |  5,00 |  over RTKM  | 4 | 6 | buy  |  7,00 |  2,00 | 2 | 4 | sell |  4,00 |  5,00 |  | 2010 |   62,19 |   -9,00 |   -9,00 | 2011 |   48,01 |   -6,40 |   -9,00 | 2012 |   48,08 |    0,00 |   -4,00 | 2013 |   30,02 |   -9,15 |   -8,27
SBER  | 2 | 3 | sell |  7,00 |  4,00 | 2 | 7 | buy  |  7,00 |  2,00 |  over GMKN  | 2 | 2 | sell |  5,00 |  2,00 | 5 | 7 | buy  |  4,00 |  5,00 |  over RTKM  | 4 | 6 | buy  |  8,00 |  2,00 | 2 | 4 | sell |  4,00 |  5,00 |  | 2010 |   62,19 |   -9,00 |   -9,00 | 2011 |   48,01 |   -6,40 |   -9,00 | 2012 |   48,08 |    0,00 |   -4,00 | 2013 |   30,02 |   -9,15 |   -8,27
SBER  | 2 | 3 | sell |  7,00 |  4,00 | 2 | 7 | buy  |  7,00 |  2,00 |  over GMKN  | 2 | 2 | sell |  5,00 |  2,00 | 5 | 7 | buy  |  4,00 |  5,00 |  over NVTK  | 3 | 4 | sell |  4,00 |  5,00 | 3 | 4 | buy  |  4,00 |  4,00 |  | 2010 |   62,17 |   -4,00 |   -8,47 | 2011 |   52,01 |   -6,40 |   -8,00 | 2012 |   48,08 |    0,00 |   -4,00 | 2013 |   26,02 |   -9,15 |   -8,27
SBER  | 2 | 3 | sell |  7,00 |  4,00 | 2 | 7 | buy  |  7,00 |  2,00 |  over GMKN  | 2 | 2 | sell |  5,00 |  2,00 | 5 | 7 | buy  |  4,00 |  5,00 |  over NVTK  | 3 | 4 | sell |  4,00 |  5,00 | 3 | 4 | buy  |  4,00 |  5,00 |  | 2010 |   61,17 |   -4,00 |   -9,00 | 2011 |   52,01 |   -6,40 |   -8,00 | 2012 |   48,08 |    0,00 |   -4,00 | 2013 |   26,02 |   -9,15 |   -8,27
SBER  | 2 | 3 | sell |  7,00 |  4,00 | 2 | 7 | buy  |  7,00 |  2,00 |  over GMKN  | 2 | 2 | sell |  5,00 |  2,00 | 5 | 7 | buy  |  4,00 |  5,00 |  over NVTK  | 3 | 7 | sell |  4,00 |  5,00 | 3 | 4 | buy  |  4,00 |  5,00 |  | 2010 |   61,17 |   -4,00 |   -9,00 | 2011 |   52,01 |   -6,40 |   -8,00 | 2012 |   48,08 |    0,00 |   -4,00 | 2013 |   26,02 |   -9,15 |   -8,27
SBER  | 2 | 3 | sell |  7,00 |  4,00 | 2 | 7 | buy  |  7,00 |  2,00 |  over GMKN  | 2 | 2 | sell |  5,00 |  2,00 | 5 | 7 | buy  |  4,00 |  5,00 |  over ROSN  | 2 | 7 | sell |  7,00 |  5,00 | 3 | 4 | buy  |  4,00 |  4,00 |  | 2010 |   62,17 |   -4,00 |   -8,47 | 2011 |   48,01 |   -6,40 |   -8,00 | 2012 |   48,08 |    0,00 |   -4,00 | 2013 |   26,02 |   -9,15 |   -8,27
SBER  | 2 | 3 | sell |  7,00 |  4,00 | 2 | 7 | buy  |  7,00 |  2,00 |  over GMKN  | 2 | 2 | sell |  5,00 |  2,00 | 5 | 7 | buy  |  4,00 |  5,00 |  over LKOH  | 3 | 7 | sell |  5,00 |  4,00 | 3 | 6 | sell |  6,00 |  3,00 |  | 2010 |   66,17 |   -4,00 |   -8,47 | 2011 |   50,01 |   -9,40 |  -11,00 | 2012 |   48,08 |    0,00 |   -4,00 | 2013 |   26,02 |   -9,15 |   -8,27
SBER  | 2 | 3 | sell |  7,00 |  4,00 | 2 | 7 | buy  |  7,00 |  2,00 |  over GMKN  | 2 | 2 | sell |  5,00 |  2,00 | 5 | 7 | buy  |  4,00 |  5,00 |  over LKOH  | 3 | 7 | sell |  5,00 |  4,00 | 5 | 5 | sell |  3,00 |  3,00 |  | 2010 |   69,17 |   -4,00 |   -8,47 | 2011 |   53,01 |   -6,40 |   -8,00 | 2012 |   48,08 |    0,00 |   -4,00 | 2013 |   26,02 |   -9,15 |   -8,27
SBER  | 2 | 3 | sell |  7,00 |  4,00 | 2 | 7 | buy  |  7,00 |  2,00 |  over GMKN  | 2 | 2 | sell |  5,00 |  2,00 | 5 | 7 | buy  |  4,00 |  5,00 |  over LKOH  | 3 | 7 | sell |  5,00 |  4,00 | 5 | 5 | sell |  4,00 |  3,00 |  | 2010 |   66,17 |   -4,00 |   -8,47 | 2011 |   53,01 |   -6,40 |   -8,00 | 2012 |   48,08 |    0,00 |   -4,00 | 2013 |   26,02 |   -9,15 |   -8,27
SBER  | 2 | 3 | sell |  7,00 |  4,00 | 2 | 7 | buy  |  7,00 |  2,00 |  over GMKN  | 2 | 2 | sell |  5,00 |  2,00 | 5 | 7 | buy  |  4,00 |  5,00 |  over LKOH  | 3 | 7 | sell |  5,00 |  4,00 | 5 | 5 | sell |  5,00 |  3,00 |  | 2010 |   66,17 |   -4,00 |   -8,47 | 2011 |   53,01 |   -6,40 |   -8,00 | 2012 |   48,08 |    0,00 |   -4,00 | 2013 |   26,02 |   -9,15 |   -8,27
SBER  | 2 | 3 | sell |  7,00 |  4,00 | 2 | 7 | buy  |  7,00 |  2,00 |  over GMKN  | 2 | 2 | sell |  5,00 |  2,00 | 5 | 7 | buy  |  4,00 |  5,00 |  over LKOH  | 3 | 7 | sell |  5,00 |  4,00 | 5 | 5 | sell |  6,00 |  3,00 |  | 2010 |   66,17 |   -4,00 |   -8,47 | 2011 |   53,01 |   -6,40 |   -8,00 | 2012 |   48,08 |    0,00 |   -4,00 | 2013 |   26,02 |   -9,15 |   -8,27
SBER  | 2 | 3 | sell |  7,00 |  4,00 | 2 | 7 | buy  |  7,00 |  2,00 |  over GMKN  | 2 | 2 | sell |  5,00 |  2,00 | 5 | 7 | buy  |  4,00 |  5,00 |  over LKOH  | 3 | 7 | sell |  5,00 |  4,00 | 5 | 5 | sell |  7,00 |  3,00 |  | 2010 |   66,17 |   -4,00 |   -8,47 | 2011 |   53,01 |   -6,40 |   -8,00 | 2012 |   48,08 |    0,00 |   -4,00 | 2013 |   26,02 |   -9,15 |   -8,27
SBER  | 2 | 3 | sell |  7,00 |  4,00 | 2 | 7 | buy  |  7,00 |  2,00 |  over GMKN  | 2 | 2 | sell |  5,00 |  2,00 | 5 | 7 | buy  |  4,00 |  5,00 |  over LKOH  | 3 | 7 | sell |  5,00 |  4,00 | 5 | 5 | sell |  8,00 |  3,00 |  | 2010 |   66,17 |   -4,00 |   -8,47 | 2011 |   48,01 |   -6,40 |   -8,00 | 2012 |   48,08 |    0,00 |   -4,00 | 2013 |   26,02 |   -9,15 |   -8,27
SBER  | 2 | 3 | sell |  7,00 |  4,00 | 2 | 7 | buy  |  7,00 |  2,00 |  over GMKN  | 2 | 2 | sell |  5,00 |  2,00 | 5 | 7 | buy  |  4,00 |  5,00 |  over LKOH  | 3 | 7 | sell |  5,00 |  4,00 | 5 | 5 | sell |  3,00 |  4,00 |  | 2010 |   69,17 |   -4,00 |   -8,47 | 2011 |   53,01 |   -6,40 |   -8,00 | 2012 |   48,08 |    0,00 |   -4,00 | 2013 |   26,02 |   -9,15 |   -8,27
SBER  | 2 | 3 | sell |  7,00 |  4,00 | 2 | 7 | buy  |  7,00 |  2,00 |  over GMKN  | 2 | 2 | sell |  5,00 |  2,00 | 5 | 7 | buy  |  4,00 |  5,00 |  over LKOH  | 3 | 7 | sell |  5,00 |  4,00 | 5 | 5 | sell |  4,00 |  4,00 |  | 2010 |   66,17 |   -4,00 |   -8,47 | 2011 |   53,01 |   -6,40 |   -8,00 | 2012 |   48,08 |    0,00 |   -4,00 | 2013 |   26,02 |   -9,15 |   -8,27
SBER  | 2 | 3 | sell |  7,00 |  4,00 | 2 | 7 | buy  |  7,00 |  2,00 |  over GMKN  | 2 | 2 | sell |  5,00 |  2,00 | 5 | 7 | buy  |  4,00 |  5,00 |  over LKOH  | 3 | 7 | sell |  5,00 |  4,00 | 5 | 5 | sell |  5,00 |  4,00 |  | 2010 |   66,17 |   -4,00 |   -8,47 | 2011 |   53,01 |   -6,40 |   -8,00 | 2012 |   48,08 |    0,00 |   -4,00 | 2013 |   26,02 |   -9,15 |   -8,27
SBER  | 2 | 3 | sell |  7,00 |  4,00 | 2 | 7 | buy  |  7,00 |  2,00 |  over GMKN  | 2 | 2 | sell |  5,00 |  2,00 | 5 | 7 | buy  |  4,00 |  5,00 |  over LKOH  | 3 | 7 | sell |  5,00 |  4,00 | 5 | 5 | sell |  6,00 |  4,00 |  | 2010 |   66,17 |   -4,00 |   -8,47 | 2011 |   53,01 |   -6,40 |   -8,00 | 2012 |   48,08 |    0,00 |   -4,00 | 2013 |   26,02 |   -9,15 |   -8,27
SBER  | 2 | 3 | sell |  7,00 |  4,00 | 2 | 7 | buy  |  7,00 |  2,00 |  over GMKN  | 2 | 2 | sell |  5,00 |  2,00 | 5 | 7 | buy  |  4,00 |  5,00 |  over LKOH  | 3 | 7 | sell |  5,00 |  4,00 | 5 | 5 | sell |  7,00 |  4,00 |  | 2010 |   66,17 |   -4,00 |   -8,47 | 2011 |   53,01 |   -6,40 |   -8,00 | 2012 |   48,08 |    0,00 |   -4,00 | 2013 |   26,02 |   -9,15 |   -8,27
SBER  | 2 | 3 | sell |  7,00 |  4,00 | 2 | 7 | buy  |  7,00 |  2,00 |  over GMKN  | 2 | 2 | sell |  5,00 |  2,00 | 5 | 7 | buy  |  4,00 |  5,00 |  over LKOH  | 3 | 7 | sell |  5,00 |  4,00 | 5 | 5 | sell |  8,00 |  4,00 |  | 2010 |   66,17 |   -4,00 |   -8,47 | 2011 |   48,01 |   -6,40 |   -8,00 | 2012 |   48,08 |    0,00 |   -4,00 | 2013 |   26,02 |   -9,15 |   -8,27
SBER  | 2 | 3 | sell |  7,00 |  4,00 | 2 | 7 | buy  |  7,00 |  2,00 |  over GMKN  | 2 | 2 | sell |  5,00 |  2,00 | 5 | 7 | buy  |  4,00 |  5,00 |  over LKOH  | 3 | 7 | sell |  5,00 |  4,00 | 5 | 5 | sell |  3,00 |  5,00 |  | 2010 |   69,17 |   -4,00 |   -8,47 | 2011 |   53,01 |   -6,40 |   -8,00 | 2012 |   48,08 |    0,00 |   -4,00 | 2013 |   26,02 |   -9,15 |   -8,27
SBER  | 2 | 3 | sell |  7,00 |  4,00 | 2 | 7 | buy  |  7,00 |  2,00 |  over GMKN  | 2 | 2 | sell |  5,00 |  2,00 | 5 | 7 | buy  |  4,00 |  5,00 |  over LKOH  | 3 | 7 | sell |  5,00 |  4,00 | 5 | 5 | sell |  6,00 |  5,00 |  | 2010 |   66,17 |   -4,00 |   -8,47 | 2011 |   53,01 |   -6,40 |   -8,00 | 2012 |   48,08 |    0,00 |   -4,00 | 2013 |   26,02 |   -9,15 |   -8,27
SBER  | 2 | 3 | sell |  7,00 |  4,00 | 2 | 7 | buy  |  7,00 |  2,00 |  over GMKN  | 2 | 2 | sell |  5,00 |  2,00 | 5 | 7 | buy  |  4,00 |  5,00 |  over LKOH  | 3 | 7 | sell |  5,00 |  4,00 | 5 | 5 | sell |  7,00 |  5,00 |  | 2010 |   66,17 |   -4,00 |   -8,47 | 2011 |   53,01 |   -6,40 |   -8,00 | 2012 |   48,08 |    0,00 |   -4,00 | 2013 |   26,02 |   -9,15 |   -8,27
SBER  | 2 | 3 | sell |  7,00 |  4,00 | 2 | 7 | buy  |  7,00 |  2,00 |  over GMKN  | 2 | 2 | sell |  5,00 |  2,00 | 5 | 7 | buy  |  4,00 |  5,00 |  over LKOH  | 3 | 7 | sell |  5,00 |  4,00 | 5 | 5 | sell |  8,00 |  5,00 |  | 2010 |   66,17 |   -4,00 |   -8,47 | 2011 |   48,01 |   -6,40 |   -8,00 | 2012 |   48,08 |    0,00 |   -4,00 | 2013 |   26,02 |   -9,15 |   -8,27
SBER  | 2 | 3 | sell |  7,00 |  4,00 | 2 | 7 | buy  |  7,00 |  2,00 |  over GMKN  | 2 | 2 | sell |  5,00 |  2,00 | 5 | 7 | buy  |  4,00 |  5,00 |  over LKOH  | 3 | 7 | sell |  5,00 |  4,00 | 5 | 6 | sell |  3,00 |  3,00 |  | 2010 |   69,17 |   -4,00 |   -8,47 | 2011 |   53,01 |   -6,40 |   -8,00 | 2012 |   48,08 |    0,00 |   -4,00 | 2013 |   26,02 |   -9,15 |   -8,27
SBER  | 2 | 3 | sell |  7,00 |  4,00 | 2 | 7 | buy  |  7,00 |  2,00 |  over GMKN  | 2 | 2 | sell |  5,00 |  2,00 | 5 | 7 | buy  |  4,00 |  5,00 |  over LKOH  | 3 | 7 | sell |  5,00 |  4,00 | 5 | 6 | sell |  4,00 |  3,00 |  | 2010 |   66,17 |   -4,00 |   -8,47 | 2011 |   53,01 |   -6,40 |   -8,00 | 2012 |   48,08 |    0,00 |   -4,00 | 2013 |   26,02 |   -9,15 |   -8,27
SBER  | 2 | 3 | sell |  7,00 |  4,00 | 2 | 7 | buy  |  7,00 |  2,00 |  over GMKN  | 2 | 2 | sell |  5,00 |  2,00 | 5 | 7 | buy  |  4,00 |  5,00 |  over LKOH  | 3 | 7 | sell |  5,00 |  4,00 | 5 | 6 | sell |  5,00 |  3,00 |  | 2010 |   66,17 |   -4,00 |   -8,47 | 2011 |   53,01 |   -6,40 |   -8,00 | 2012 |   48,08 |    0,00 |   -4,00 | 2013 |   26,02 |   -9,15 |   -8,27
SBER  | 2 | 3 | sell |  7,00 |  4,00 | 2 | 7 | buy  |  7,00 |  2,00 |  over GMKN  | 2 | 2 | sell |  5,00 |  2,00 | 5 | 7 | buy  |  4,00 |  5,00 |  over LKOH  | 3 | 7 | sell |  5,00 |  4,00 | 5 | 6 | sell |  6,00 |  3,00 |  | 2010 |   66,17 |   -4,00 |   -8,47 | 2011 |   53,01 |   -6,40 |   -8,00 | 2012 |   48,08 |    0,00 |   -4,00 | 2013 |   26,02 |   -9,15 |   -8,27
SBER  | 2 | 3 | sell |  7,00 |  4,00 | 2 | 7 | buy  |  7,00 |  2,00 |  over GMKN  | 2 | 2 | sell |  5,00 |  2,00 | 5 | 7 | buy  |  4,00 |  5,00 |  over LKOH  | 3 | 7 | sell |  5,00 |  4,00 | 5 | 6 | sell |  7,00 |  3,00 |  | 2010 |   66,17 |   -4,00 |   -8,47 | 2011 |   53,01 |   -6,40 |   -8,00 | 2012 |   48,08 |    0,00 |   -4,00 | 2013 |   26,02 |   -9,15 |   -8,27
SBER  | 2 | 3 | sell |  7,00 |  4,00 | 2 | 7 | buy  |  7,00 |  2,00 |  over GMKN  | 2 | 2 | sell |  5,00 |  2,00 | 5 | 7 | buy  |  4,00 |  5,00 |  over LKOH  | 3 | 7 | sell |  5,00 |  4,00 | 5 | 6 | sell |  8,00 |  3,00 |  | 2010 |   66,17 |   -4,00 |   -8,47 | 2011 |   48,01 |   -6,40 |   -8,00 | 2012 |   48,08 |    0,00 |   -4,00 | 2013 |   26,02 |   -9,15 |   -8,27
SBER  | 2 | 3 | sell |  7,00 |  4,00 | 2 | 7 | buy  |  7,00 |  2,00 |  over GMKN  | 2 | 2 | sell |  5,00 |  2,00 | 5 | 7 | buy  |  4,00 |  5,00 |  over LKOH  | 3 | 7 | sell |  5,00 |  4,00 | 5 | 6 | sell |  3,00 |  4,00 |  | 2010 |   69,17 |   -4,00 |   -8,47 | 2011 |   53,01 |   -6,40 |   -8,00 | 2012 |   48,08 |    0,00 |   -4,00 | 2013 |   26,02 |   -9,15 |   -8,27
SBER  | 2 | 3 | sell |  7,00 |  4,00 | 2 | 7 | buy  |  7,00 |  2,00 |  over GMKN  | 2 | 2 | sell |  5,00 |  2,00 | 5 | 7 | buy  |  4,00 |  5,00 |  over LKOH  | 3 | 7 | sell |  5,00 |  4,00 | 5 | 6 | sell |  4,00 |  4,00 |  | 2010 |   66,17 |   -4,00 |   -8,47 | 2011 |   53,01 |   -6,40 |   -8,00 | 2012 |   48,08 |    0,00 |   -4,00 | 2013 |   26,02 |   -9,15 |   -8,27
SBER  | 2 | 3 | sell |  7,00 |  4,00 | 2 | 7 | buy  |  7,00 |  2,00 |  over GMKN  | 2 | 2 | sell |  5,00 |  2,00 | 5 | 7 | buy  |  4,00 |  5,00 |  over LKOH  | 3 | 7 | sell |  5,00 |  4,00 | 5 | 6 | sell |  5,00 |  4,00 |  | 2010 |   66,17 |   -4,00 |   -8,47 | 2011 |   53,01 |   -6,40 |   -8,00 | 2012 |   48,08 |    0,00 |   -4,00 | 2013 |   26,02 |   -9,15 |   -8,27
SBER  | 2 | 3 | sell |  7,00 |  4,00 | 2 | 7 | buy  |  7,00 |  2,00 |  over GMKN  | 2 | 2 | sell |  5,00 |  2,00 | 5 | 7 | buy  |  4,00 |  5,00 |  over LKOH  | 3 | 7 | sell |  5,00 |  4,00 | 5 | 6 | sell |  6,00 |  4,00 |  | 2010 |   66,17 |   -4,00 |   -8,47 | 2011 |   53,01 |   -6,40 |   -8,00 | 2012 |   48,08 |    0,00 |   -4,00 | 2013 |   26,02 |   -9,15 |   -8,27
SBER  | 2 | 3 | sell |  7,00 |  4,00 | 2 | 7 | buy  |  7,00 |  2,00 |  over GMKN  | 2 | 2 | sell |  5,00 |  2,00 | 5 | 7 | buy  |  4,00 |  5,00 |  over LKOH  | 3 | 7 | sell |  5,00 |  4,00 | 5 | 6 | sell |  7,00 |  4,00 |  | 2010 |   66,17 |   -4,00 |   -8,47 | 2011 |   53,01 |   -6,40 |   -8,00 | 2012 |   48,08 |    0,00 |   -4,00 | 2013 |   26,02 |   -9,15 |   -8,27
SBER  | 2 | 3 | sell |  7,00 |  4,00 | 2 | 7 | buy  |  7,00 |  2,00 |  over GMKN  | 2 | 2 | sell |  5,00 |  2,00 | 5 | 7 | buy  |  4,00 |  5,00 |  over LKOH  | 3 | 7 | sell |  5,00 |  4,00 | 5 | 6 | sell |  8,00 |  4,00 |  | 2010 |   66,17 |   -4,00 |   -8,47 | 2011 |   48,01 |   -6,40 |   -8,00 | 2012 |   48,08 |    0,00 |   -4,00 | 2013 |   26,02 |   -9,15 |   -8,27
SBER  | 2 | 3 | sell |  7,00 |  4,00 | 2 | 7 | buy  |  7,00 |  2,00 |  over GMKN  | 2 | 2 | sell |  5,00 |  2,00 | 5 | 7 | buy  |  4,00 |  5,00 |  over LKOH  | 3 | 7 | sell |  5,00 |  4,00 | 5 | 6 | sell |  3,00 |  5,00 |  | 2010 |   69,17 |   -4,00 |   -8,47 | 2011 |   53,01 |   -6,40 |   -8,00 | 2012 |   48,08 |    0,00 |   -4,00 | 2013 |   26,02 |   -9,15 |   -8,27
SBER  | 2 | 3 | sell |  7,00 |  4,00 | 2 | 7 | buy  |  7,00 |  2,00 |  over GMKN  | 2 | 2 | sell |  5,00 |  2,00 | 5 | 7 | buy  |  4,00 |  5,00 |  over LKOH  | 3 | 7 | sell |  5,00 |  4,00 | 5 | 6 | sell |  4,00 |  5,00 |  | 2010 |   66,17 |   -4,00 |   -8,47 | 2011 |   53,01 |   -6,40 |   -8,00 | 2012 |   48,08 |    0,00 |   -4,00 | 2013 |   26,02 |   -9,15 |   -8,27
SBER  | 2 | 3 | sell |  7,00 |  4,00 | 2 | 7 | buy  |  7,00 |  2,00 |  over GMKN  | 2 | 2 | sell |  5,00 |  2,00 | 5 | 7 | buy  |  4,00 |  5,00 |  over LKOH  | 3 | 7 | sell |  5,00 |  4,00 | 5 | 6 | sell |  6,00 |  5,00 |  | 2010 |   66,17 |   -4,00 |   -8,47 | 2011 |   53,01 |   -6,40 |   -8,00 | 2012 |   48,08 |    0,00 |   -4,00 | 2013 |   26,02 |   -9,15 |   -8,27
SBER  | 2 | 3 | sell |  7,00 |  4,00 | 2 | 7 | buy  |  7,00 |  2,00 |  over GMKN  | 2 | 2 | sell |  5,00 |  2,00 | 5 | 7 | buy  |  4,00 |  5,00 |  over LKOH  | 3 | 7 | sell |  5,00 |  4,00 | 5 | 6 | sell |  7,00 |  5,00 |  | 2010 |   66,17 |   -4,00 |   -8,47 | 2011 |   53,01 |   -6,40 |   -8,00 | 2012 |   48,08 |    0,00 |   -4,00 | 2013 |   26,02 |   -9,15 |   -8,27
SBER  | 2 | 3 | sell |  7,00 |  4,00 | 2 | 7 | buy  |  7,00 |  2,00 |  over GMKN  | 2 | 2 | sell |  5,00 |  2,00 | 5 | 7 | buy  |  4,00 |  5,00 |  over LKOH  | 3 | 7 | sell |  5,00 |  4,00 | 5 | 6 | sell |  8,00 |  5,00 |  | 2010 |   66,17 |   -4,00 |   -8,47 | 2011 |   48,01 |   -6,40 |   -8,00 | 2012 |   48,08 |    0,00 |   -4,00 | 2013 |   26,02 |   -9,15 |   -8,27
SBER  | 2 | 3 | sell |  7,00 |  4,00 | 2 | 7 | buy  |  7,00 |  2,00 |  over GMKN  | 2 | 2 | sell |  5,00 |  2,00 | 5 | 7 | buy  |  4,00 |  5,00 |  over LKOH  | 3 | 7 | sell |  5,00 |  5,00 | 5 | 5 | sell |  3,00 |  3,00 |  | 2010 |   69,17 |   -4,00 |   -8,47 | 2011 |   53,01 |   -6,40 |   -8,00 | 2012 |   48,08 |    0,00 |   -4,00 | 2013 |   26,02 |   -9,15 |   -8,27
SBER  | 2 | 3 | sell |  7,00 |  4,00 | 2 | 7 | buy  |  7,00 |  2,00 |  over GMKN  | 2 | 2 | sell |  5,00 |  2,00 | 5 | 7 | buy  |  4,00 |  5,00 |  over LKOH  | 3 | 7 | sell |  5,00 |  5,00 | 5 | 6 | sell |  3,00 |  3,00 |  | 2010 |   69,17 |   -4,00 |   -8,47 | 2011 |   53,01 |   -6,40 |   -8,00 | 2012 |   48,08 |    0,00 |   -4,00 | 2013 |   26,02 |   -9,15 |   -8,27
SBER  | 2 | 3 | sell |  7,00 |  4,00 | 2 | 7 | buy  |  7,00 |  2,00 |  over GMKN  | 2 | 2 | sell |  5,00 |  2,00 | 5 | 7 | buy  |  4,00 |  5,00 |  over LKOH  | 3 | 7 | sell |  6,00 |  4,00 | 3 | 6 | sell |  6,00 |  4,00 |  | 2010 |   66,17 |   -4,00 |   -8,47 | 2011 |   50,01 |  -10,40 |  -12,00 | 2012 |   48,08 |    0,00 |   -4,00 | 2013 |   26,02 |   -9,15 |   -8,27
SBER  | 2 | 5 | sell |  8,00 |  3,00 | 2 | 7 | buy  |  8,00 |  2,00 |  over GMKN  | 2 | 2 | sell |  5,00 |  2,00 | 5 | 7 | buy  |  4,00 |  5,00 |  over LKOH  | 3 | 7 | sell |  5,00 |  4,00 | 5 | 5 | sell |  3,00 |  3,00 |  | 2010 |   49,37 |   -3,00 |   -8,62 | 2011 |   58,08 |   -4,93 |   -8,00 | 2012 |   51,24 |  -11,21 |   -7,21 | 2013 |   33,41 |  -15,22 |   -6,12
SBER  | 2 | 5 | sell |  8,00 |  3,00 | 2 | 7 | buy  |  8,00 |  2,00 |  over GMKN  | 2 | 2 | sell |  5,00 |  2,00 | 5 | 7 | buy  |  4,00 |  5,00 |  over LKOH  | 3 | 7 | sell |  5,00 |  4,00 | 5 | 5 | sell |  3,00 |  4,00 |  | 2010 |   49,37 |   -3,00 |   -8,62 | 2011 |   58,08 |   -4,93 |   -8,00 | 2012 |   51,24 |  -11,21 |   -7,21 | 2013 |   33,41 |  -15,22 |   -6,12
SBER  | 2 | 5 | sell |  8,00 |  3,00 | 2 | 7 | buy  |  8,00 |  2,00 |  over GMKN  | 2 | 2 | sell |  5,00 |  2,00 | 5 | 7 | buy  |  4,00 |  5,00 |  over LKOH  | 3 | 7 | sell |  5,00 |  4,00 | 5 | 5 | sell |  3,00 |  5,00 |  | 2010 |   49,37 |   -3,00 |   -8,62 | 2011 |   58,08 |   -4,93 |   -8,00 | 2012 |   51,24 |  -11,21 |   -7,21 | 2013 |   33,41 |  -15,22 |   -6,12
SBER  | 2 | 5 | sell |  8,00 |  3,00 | 2 | 7 | buy  |  8,00 |  2,00 |  over GMKN  | 2 | 2 | sell |  5,00 |  2,00 | 5 | 7 | buy  |  4,00 |  5,00 |  over LKOH  | 3 | 7 | sell |  5,00 |  4,00 | 5 | 6 | sell |  3,00 |  3,00 |  | 2010 |   49,37 |   -3,00 |   -8,62 | 2011 |   58,08 |   -4,93 |   -8,00 | 2012 |   51,24 |  -11,21 |   -7,21 | 2013 |   33,41 |  -15,22 |   -6,12
SBER  | 2 | 5 | sell |  8,00 |  3,00 | 2 | 7 | buy  |  8,00 |  2,00 |  over GMKN  | 2 | 2 | sell |  5,00 |  2,00 | 5 | 7 | buy  |  4,00 |  5,00 |  over LKOH  | 3 | 7 | sell |  5,00 |  4,00 | 5 | 6 | sell |  3,00 |  4,00 |  | 2010 |   49,37 |   -3,00 |   -8,62 | 2011 |   58,08 |   -4,93 |   -8,00 | 2012 |   51,24 |  -11,21 |   -7,21 | 2013 |   33,41 |  -15,22 |   -6,12
SBER  | 2 | 5 | sell |  8,00 |  3,00 | 2 | 7 | buy  |  8,00 |  2,00 |  over GMKN  | 2 | 2 | sell |  5,00 |  2,00 | 5 | 7 | buy  |  4,00 |  5,00 |  over LKOH  | 3 | 7 | sell |  5,00 |  4,00 | 5 | 6 | sell |  3,00 |  5,00 |  | 2010 |   49,37 |   -3,00 |   -8,62 | 2011 |   58,08 |   -4,93 |   -8,00 | 2012 |   51,24 |  -11,21 |   -7,21 | 2013 |   33,41 |  -15,22 |   -6,12
SBER  | 2 | 5 | sell |  8,00 |  3,00 | 2 | 7 | buy  |  8,00 |  2,00 |  over GMKN  | 2 | 2 | sell |  5,00 |  2,00 | 5 | 7 | buy  |  4,00 |  5,00 |  over LKOH  | 3 | 7 | sell |  5,00 |  5,00 | 5 | 5 | sell |  3,00 |  3,00 |  | 2010 |   49,37 |   -3,00 |   -8,62 | 2011 |   58,08 |   -4,93 |   -8,00 | 2012 |   51,24 |  -11,21 |   -7,21 | 2013 |   33,41 |  -15,22 |   -6,12
SBER  | 2 | 5 | sell |  8,00 |  3,00 | 2 | 7 | buy  |  8,00 |  2,00 |  over GMKN  | 2 | 2 | sell |  5,00 |  2,00 | 5 | 7 | buy  |  4,00 |  5,00 |  over LKOH  | 3 | 7 | sell |  5,00 |  5,00 | 5 | 6 | sell |  3,00 |  3,00 |  | 2010 |   49,37 |   -3,00 |   -8,62 | 2011 |   58,08 |   -4,93 |   -8,00 | 2012 |   51,24 |  -11,21 |   -7,21 | 2013 |   33,41 |  -15,22 |   -6,12
SBER  | 2 | 3 | sell |  7,00 |  4,00 | 2 | 7 | buy  |  7,00 |  2,00 |  over LKOH  | 3 | 7 | sell |  5,00 |  4,00 | 5 | 5 | sell |  3,00 |  3,00 |  over GMKN  | 2 | 2 | sell |  5,00 |  2,00 | 5 | 7 | buy  |  4,00 |  5,00 |  | 2010 |   69,17 |   -4,00 |   -8,47 | 2011 |   53,01 |   -6,40 |   -8,00 | 2012 |   48,08 |    0,00 |   -4,00 | 2013 |   26,02 |   -9,15 |   -8,27
SBER  | 2 | 3 | sell |  7,00 |  4,00 | 2 | 7 | buy  |  7,00 |  2,00 |  over LKOH  | 3 | 7 | sell |  5,00 |  4,00 | 5 | 5 | sell |  4,00 |  3,00 |  over GMKN  | 2 | 2 | sell |  5,00 |  2,00 | 5 | 7 | buy  |  4,00 |  5,00 |  | 2010 |   66,17 |   -4,00 |   -8,47 | 2011 |   53,01 |   -6,40 |   -8,00 | 2012 |   48,08 |    0,00 |   -4,00 | 2013 |   26,02 |   -9,15 |   -8,27
SBER  | 2 | 3 | sell |  7,00 |  4,00 | 2 | 7 | buy  |  7,00 |  2,00 |  over LKOH  | 3 | 7 | sell |  5,00 |  4,00 | 5 | 5 | sell |  5,00 |  3,00 |  over GMKN  | 2 | 2 | sell |  5,00 |  2,00 | 5 | 7 | buy  |  4,00 |  5,00 |  | 2010 |   66,17 |   -4,00 |   -8,47 | 2011 |   53,01 |   -6,40 |   -8,00 | 2012 |   48,08 |    0,00 |   -4,00 | 2013 |   26,02 |   -9,15 |   -8,27
SBER  | 2 | 3 | sell |  7,00 |  4,00 | 2 | 7 | buy  |  7,00 |  2,00 |  over LKOH  | 3 | 7 | sell |  5,00 |  4,00 | 5 | 5 | sell |  6,00 |  3,00 |  over GMKN  | 2 | 2 | sell |  5,00 |  2,00 | 5 | 7 | buy  |  4,00 |  5,00 |  | 2010 |   66,17 |   -4,00 |   -8,47 | 2011 |   53,01 |   -6,40 |   -8,00 | 2012 |   48,08 |    0,00 |   -4,00 | 2013 |   26,02 |   -9,15 |   -8,27
SBER  | 2 | 3 | sell |  7,00 |  4,00 | 2 | 7 | buy  |  7,00 |  2,00 |  over LKOH  | 3 | 7 | sell |  5,00 |  4,00 | 5 | 5 | sell |  7,00 |  3,00 |  over GMKN  | 2 | 2 | sell |  5,00 |  2,00 | 5 | 7 | buy  |  4,00 |  5,00 |  | 2010 |   66,17 |   -4,00 |   -8,47 | 2011 |   53,01 |   -6,40 |   -8,00 | 2012 |   48,08 |    0,00 |   -4,00 | 2013 |   26,02 |   -9,15 |   -8,27
SBER  | 2 | 3 | sell |  7,00 |  4,00 | 2 | 7 | buy  |  7,00 |  2,00 |  over LKOH  | 3 | 7 | sell |  5,00 |  4,00 | 5 | 5 | sell |  8,00 |  3,00 |  over GMKN  | 2 | 2 | sell |  5,00 |  2,00 | 5 | 7 | buy  |  4,00 |  5,00 |  | 2010 |   66,17 |   -4,00 |   -8,47 | 2011 |   48,01 |   -6,40 |   -8,00 | 2012 |   48,08 |    0,00 |   -4,00 | 2013 |   26,02 |   -9,15 |   -8,27
SBER  | 2 | 3 | sell |  7,00 |  4,00 | 2 | 7 | buy  |  7,00 |  2,00 |  over LKOH  | 3 | 7 | sell |  5,00 |  4,00 | 5 | 5 | sell |  3,00 |  4,00 |  over GMKN  | 2 | 2 | sell |  5,00 |  2,00 | 5 | 7 | buy  |  4,00 |  5,00 |  | 2010 |   69,17 |   -4,00 |   -8,47 | 2011 |   53,01 |   -6,40 |   -8,00 | 2012 |   48,08 |    0,00 |   -4,00 | 2013 |   26,02 |   -9,15 |   -8,27
SBER  | 2 | 3 | sell |  7,00 |  4,00 | 2 | 7 | buy  |  7,00 |  2,00 |  over LKOH  | 3 | 7 | sell |  5,00 |  4,00 | 5 | 5 | sell |  4,00 |  4,00 |  over GMKN  | 2 | 2 | sell |  5,00 |  2,00 | 5 | 7 | buy  |  4,00 |  5,00 |  | 2010 |   66,17 |   -4,00 |   -8,47 | 2011 |   53,01 |   -6,40 |   -8,00 | 2012 |   48,08 |    0,00 |   -4,00 | 2013 |   26,02 |   -9,15 |   -8,27
SBER  | 2 | 3 | sell |  7,00 |  4,00 | 2 | 7 | buy  |  7,00 |  2,00 |  over LKOH  | 3 | 7 | sell |  5,00 |  4,00 | 5 | 5 | sell |  5,00 |  4,00 |  over GMKN  | 2 | 2 | sell |  5,00 |  2,00 | 5 | 7 | buy  |  4,00 |  5,00 |  | 2010 |   66,17 |   -4,00 |   -8,47 | 2011 |   53,01 |   -6,40 |   -8,00 | 2012 |   48,08 |    0,00 |   -4,00 | 2013 |   26,02 |   -9,15 |   -8,27
SBER  | 2 | 3 | sell |  7,00 |  4,00 | 2 | 7 | buy  |  7,00 |  2,00 |  over LKOH  | 3 | 7 | sell |  5,00 |  4,00 | 5 | 5 | sell |  6,00 |  4,00 |  over GMKN  | 2 | 2 | sell |  5,00 |  2,00 | 5 | 7 | buy  |  4,00 |  5,00 |  | 2010 |   66,17 |   -4,00 |   -8,47 | 2011 |   53,01 |   -6,40 |   -8,00 | 2012 |   48,08 |    0,00 |   -4,00 | 2013 |   26,02 |   -9,15 |   -8,27
SBER  | 2 | 3 | sell |  7,00 |  4,00 | 2 | 7 | buy  |  7,00 |  2,00 |  over LKOH  | 3 | 7 | sell |  5,00 |  4,00 | 5 | 5 | sell |  7,00 |  4,00 |  over GMKN  | 2 | 2 | sell |  5,00 |  2,00 | 5 | 7 | buy  |  4,00 |  5,00 |  | 2010 |   66,17 |   -4,00 |   -8,47 | 2011 |   53,01 |   -6,40 |   -8,00 | 2012 |   48,08 |    0,00 |   -4,00 | 2013 |   26,02 |   -9,15 |   -8,27
SBER  | 2 | 3 | sell |  7,00 |  4,00 | 2 | 7 | buy  |  7,00 |  2,00 |  over LKOH  | 3 | 7 | sell |  5,00 |  4,00 | 5 | 5 | sell |  8,00 |  4,00 |  over GMKN  | 2 | 2 | sell |  5,00 |  2,00 | 5 | 7 | buy  |  4,00 |  5,00 |  | 2010 |   66,17 |   -4,00 |   -8,47 | 2011 |   48,01 |   -6,40 |   -8,00 | 2012 |   48,08 |    0,00 |   -4,00 | 2013 |   26,02 |   -9,15 |   -8,27
SBER  | 2 | 3 | sell |  7,00 |  4,00 | 2 | 7 | buy  |  7,00 |  2,00 |  over LKOH  | 3 | 7 | sell |  5,00 |  4,00 | 5 | 5 | sell |  3,00 |  5,00 |  over GMKN  | 2 | 2 | sell |  5,00 |  2,00 | 5 | 7 | buy  |  4,00 |  5,00 |  | 2010 |   69,17 |   -4,00 |   -8,47 | 2011 |   53,01 |   -6,40 |   -8,00 | 2012 |   48,08 |    0,00 |   -4,00 | 2013 |   26,02 |   -9,15 |   -8,27
SBER  | 2 | 3 | sell |  7,00 |  4,00 | 2 | 7 | buy  |  7,00 |  2,00 |  over LKOH  | 3 | 7 | sell |  5,00 |  4,00 | 5 | 5 | sell |  6,00 |  5,00 |  over GMKN  | 2 | 2 | sell |  5,00 |  2,00 | 5 | 7 | buy  |  4,00 |  5,00 |  | 2010 |   66,17 |   -4,00 |   -8,47 | 2011 |   53,01 |   -6,40 |   -8,00 | 2012 |   48,08 |    0,00 |   -4,00 | 2013 |   26,02 |   -9,15 |   -8,27
SBER  | 2 | 3 | sell |  7,00 |  4,00 | 2 | 7 | buy  |  7,00 |  2,00 |  over LKOH  | 3 | 7 | sell |  5,00 |  4,00 | 5 | 5 | sell |  7,00 |  5,00 |  over GMKN  | 2 | 2 | sell |  5,00 |  2,00 | 5 | 7 | buy  |  4,00 |  5,00 |  | 2010 |   66,17 |   -4,00 |   -8,47 | 2011 |   53,01 |   -6,40 |   -8,00 | 2012 |   48,08 |    0,00 |   -4,00 | 2013 |   26,02 |   -9,15 |   -8,27
SBER  | 2 | 3 | sell |  7,00 |  4,00 | 2 | 7 | buy  |  7,00 |  2,00 |  over LKOH  | 3 | 7 | sell |  5,00 |  4,00 | 5 | 5 | sell |  8,00 |  5,00 |  over GMKN  | 2 | 2 | sell |  5,00 |  2,00 | 5 | 7 | buy  |  4,00 |  5,00 |  | 2010 |   66,17 |   -4,00 |   -8,47 | 2011 |   48,01 |   -6,40 |   -8,00 | 2012 |   48,08 |    0,00 |   -4,00 | 2013 |   26,02 |   -9,15 |   -8,27
SBER  | 2 | 3 | sell |  7,00 |  4,00 | 2 | 7 | buy  |  7,00 |  2,00 |  over LKOH  | 3 | 7 | sell |  5,00 |  4,00 | 5 | 6 | sell |  3,00 |  3,00 |  over GMKN  | 2 | 2 | sell |  5,00 |  2,00 | 5 | 7 | buy  |  4,00 |  5,00 |  | 2010 |   69,17 |   -4,00 |   -8,47 | 2011 |   53,01 |   -6,40 |   -8,00 | 2012 |   48,08 |    0,00 |   -4,00 | 2013 |   26,02 |   -9,15 |   -8,27
SBER  | 2 | 3 | sell |  7,00 |  4,00 | 2 | 7 | buy  |  7,00 |  2,00 |  over LKOH  | 3 | 7 | sell |  5,00 |  4,00 | 5 | 6 | sell |  4,00 |  3,00 |  over GMKN  | 2 | 2 | sell |  5,00 |  2,00 | 5 | 7 | buy  |  4,00 |  5,00 |  | 2010 |   66,17 |   -4,00 |   -8,47 | 2011 |   53,01 |   -6,40 |   -8,00 | 2012 |   48,08 |    0,00 |   -4,00 | 2013 |   26,02 |   -9,15 |   -8,27
SBER  | 2 | 3 | sell |  7,00 |  4,00 | 2 | 7 | buy  |  7,00 |  2,00 |  over LKOH  | 3 | 7 | sell |  5,00 |  4,00 | 5 | 6 | sell |  5,00 |  3,00 |  over GMKN  | 2 | 2 | sell |  5,00 |  2,00 | 5 | 7 | buy  |  4,00 |  5,00 |  | 2010 |   66,17 |   -4,00 |   -8,47 | 2011 |   53,01 |   -6,40 |   -8,00 | 2012 |   48,08 |    0,00 |   -4,00 | 2013 |   26,02 |   -9,15 |   -8,27
SBER  | 2 | 3 | sell |  7,00 |  4,00 | 2 | 7 | buy  |  7,00 |  2,00 |  over LKOH  | 3 | 7 | sell |  5,00 |  4,00 | 5 | 6 | sell |  6,00 |  3,00 |  over GMKN  | 2 | 2 | sell |  5,00 |  2,00 | 5 | 7 | buy  |  4,00 |  5,00 |  | 2010 |   66,17 |   -4,00 |   -8,47 | 2011 |   53,01 |   -6,40 |   -8,00 | 2012 |   48,08 |    0,00 |   -4,00 | 2013 |   26,02 |   -9,15 |   -8,27
SBER  | 2 | 3 | sell |  7,00 |  4,00 | 2 | 7 | buy  |  7,00 |  2,00 |  over LKOH  | 3 | 7 | sell |  5,00 |  4,00 | 5 | 6 | sell |  7,00 |  3,00 |  over GMKN  | 2 | 2 | sell |  5,00 |  2,00 | 5 | 7 | buy  |  4,00 |  5,00 |  | 2010 |   66,17 |   -4,00 |   -8,47 | 2011 |   53,01 |   -6,40 |   -8,00 | 2012 |   48,08 |    0,00 |   -4,00 | 2013 |   26,02 |   -9,15 |   -8,27
SBER  | 2 | 3 | sell |  7,00 |  4,00 | 2 | 7 | buy  |  7,00 |  2,00 |  over LKOH  | 3 | 7 | sell |  5,00 |  4,00 | 5 | 6 | sell |  8,00 |  3,00 |  over GMKN  | 2 | 2 | sell |  5,00 |  2,00 | 5 | 7 | buy  |  4,00 |  5,00 |  | 2010 |   66,17 |   -4,00 |   -8,47 | 2011 |   48,01 |   -6,40 |   -8,00 | 2012 |   48,08 |    0,00 |   -4,00 | 2013 |   26,02 |   -9,15 |   -8,27
SBER  | 2 | 3 | sell |  7,00 |  4,00 | 2 | 7 | buy  |  7,00 |  2,00 |  over LKOH  | 3 | 7 | sell |  5,00 |  4,00 | 5 | 6 | sell |  3,00 |  4,00 |  over GMKN  | 2 | 2 | sell |  5,00 |  2,00 | 5 | 7 | buy  |  4,00 |  5,00 |  | 2010 |   69,17 |   -4,00 |   -8,47 | 2011 |   53,01 |   -6,40 |   -8,00 | 2012 |   48,08 |    0,00 |   -4,00 | 2013 |   26,02 |   -9,15 |   -8,27
SBER  | 2 | 3 | sell |  7,00 |  4,00 | 2 | 7 | buy  |  7,00 |  2,00 |  over LKOH  | 3 | 7 | sell |  5,00 |  4,00 | 5 | 6 | sell |  4,00 |  4,00 |  over GMKN  | 2 | 2 | sell |  5,00 |  2,00 | 5 | 7 | buy  |  4,00 |  5,00 |  | 2010 |   66,17 |   -4,00 |   -8,47 | 2011 |   53,01 |   -6,40 |   -8,00 | 2012 |   48,08 |    0,00 |   -4,00 | 2013 |   26,02 |   -9,15 |   -8,27
SBER  | 2 | 3 | sell |  7,00 |  4,00 | 2 | 7 | buy  |  7,00 |  2,00 |  over LKOH  | 3 | 7 | sell |  5,00 |  4,00 | 5 | 6 | sell |  5,00 |  4,00 |  over GMKN  | 2 | 2 | sell |  5,00 |  2,00 | 5 | 7 | buy  |  4,00 |  5,00 |  | 2010 |   66,17 |   -4,00 |   -8,47 | 2011 |   53,01 |   -6,40 |   -8,00 | 2012 |   48,08 |    0,00 |   -4,00 | 2013 |   26,02 |   -9,15 |   -8,27
SBER  | 2 | 3 | sell |  7,00 |  4,00 | 2 | 7 | buy  |  7,00 |  2,00 |  over LKOH  | 3 | 7 | sell |  5,00 |  4,00 | 5 | 6 | sell |  6,00 |  4,00 |  over GMKN  | 2 | 2 | sell |  5,00 |  2,00 | 5 | 7 | buy  |  4,00 |  5,00 |  | 2010 |   66,17 |   -4,00 |   -8,47 | 2011 |   53,01 |   -6,40 |   -8,00 | 2012 |   48,08 |    0,00 |   -4,00 | 2013 |   26,02 |   -9,15 |   -8,27
SBER  | 2 | 3 | sell |  7,00 |  4,00 | 2 | 7 | buy  |  7,00 |  2,00 |  over LKOH  | 3 | 7 | sell |  5,00 |  4,00 | 5 | 6 | sell |  7,00 |  4,00 |  over GMKN  | 2 | 2 | sell |  5,00 |  2,00 | 5 | 7 | buy  |  4,00 |  5,00 |  | 2010 |   66,17 |   -4,00 |   -8,47 | 2011 |   53,01 |   -6,40 |   -8,00 | 2012 |   48,08 |    0,00 |   -4,00 | 2013 |   26,02 |   -9,15 |   -8,27
SBER  | 2 | 3 | sell |  7,00 |  4,00 | 2 | 7 | buy  |  7,00 |  2,00 |  over LKOH  | 3 | 7 | sell |  5,00 |  4,00 | 5 | 6 | sell |  8,00 |  4,00 |  over GMKN  | 2 | 2 | sell |  5,00 |  2,00 | 5 | 7 | buy  |  4,00 |  5,00 |  | 2010 |   66,17 |   -4,00 |   -8,47 | 2011 |   48,01 |   -6,40 |   -8,00 | 2012 |   48,08 |    0,00 |   -4,00 | 2013 |   26,02 |   -9,15 |   -8,27
SBER  | 2 | 3 | sell |  7,00 |  4,00 | 2 | 7 | buy  |  7,00 |  2,00 |  over LKOH  | 3 | 7 | sell |  5,00 |  4,00 | 5 | 6 | sell |  3,00 |  5,00 |  over GMKN  | 2 | 2 | sell |  5,00 |  2,00 | 5 | 7 | buy  |  4,00 |  5,00 |  | 2010 |   69,17 |   -4,00 |   -8,47 | 2011 |   53,01 |   -6,40 |   -8,00 | 2012 |   48,08 |    0,00 |   -4,00 | 2013 |   26,02 |   -9,15 |   -8,27
SBER  | 2 | 3 | sell |  7,00 |  4,00 | 2 | 7 | buy  |  7,00 |  2,00 |  over LKOH  | 3 | 7 | sell |  5,00 |  4,00 | 5 | 6 | sell |  4,00 |  5,00 |  over GMKN  | 2 | 2 | sell |  5,00 |  2,00 | 5 | 7 | buy  |  4,00 |  5,00 |  | 2010 |   66,17 |   -4,00 |   -8,47 | 2011 |   53,01 |   -6,40 |   -8,00 | 2012 |   48,08 |    0,00 |   -4,00 | 2013 |   26,02 |   -9,15 |   -8,27
SBER  | 2 | 3 | sell |  7,00 |  4,00 | 2 | 7 | buy  |  7,00 |  2,00 |  over LKOH  | 3 | 7 | sell |  5,00 |  4,00 | 5 | 6 | sell |  6,00 |  5,00 |  over GMKN  | 2 | 2 | sell |  5,00 |  2,00 | 5 | 7 | buy  |  4,00 |  5,00 |  | 2010 |   66,17 |   -4,00 |   -8,47 | 2011 |   53,01 |   -6,40 |   -8,00 | 2012 |   48,08 |    0,00 |   -4,00 | 2013 |   26,02 |   -9,15 |   -8,27
SBER  | 2 | 3 | sell |  7,00 |  4,00 | 2 | 7 | buy  |  7,00 |  2,00 |  over LKOH  | 3 | 7 | sell |  5,00 |  4,00 | 5 | 6 | sell |  7,00 |  5,00 |  over GMKN  | 2 | 2 | sell |  5,00 |  2,00 | 5 | 7 | buy  |  4,00 |  5,00 |  | 2010 |   66,17 |   -4,00 |   -8,47 | 2011 |   53,01 |   -6,40 |   -8,00 | 2012 |   48,08 |    0,00 |   -4,00 | 2013 |   26,02 |   -9,15 |   -8,27
SBER  | 2 | 3 | sell |  7,00 |  4,00 | 2 | 7 | buy  |  7,00 |  2,00 |  over LKOH  | 3 | 7 | sell |  5,00 |  4,00 | 5 | 6 | sell |  8,00 |  5,00 |  over GMKN  | 2 | 2 | sell |  5,00 |  2,00 | 5 | 7 | buy  |  4,00 |  5,00 |  | 2010 |   66,17 |   -4,00 |   -8,47 | 2011 |   48,01 |   -6,40 |   -8,00 | 2012 |   48,08 |    0,00 |   -4,00 | 2013 |   26,02 |   -9,15 |   -8,27
SBER  | 2 | 3 | sell |  7,00 |  4,00 | 2 | 7 | buy  |  7,00 |  2,00 |  over LKOH  | 3 | 7 | sell |  5,00 |  5,00 | 5 | 5 | sell |  3,00 |  3,00 |  over GMKN  | 2 | 2 | sell |  5,00 |  2,00 | 5 | 7 | buy  |  4,00 |  5,00 |  | 2010 |   69,17 |   -4,00 |   -8,47 | 2011 |   53,01 |   -6,40 |   -8,00 | 2012 |   48,08 |    0,00 |   -4,00 | 2013 |   26,02 |   -9,15 |   -8,27
SBER  | 2 | 3 | sell |  7,00 |  4,00 | 2 | 7 | buy  |  7,00 |  2,00 |  over LKOH  | 3 | 7 | sell |  5,00 |  5,00 | 5 | 6 | sell |  3,00 |  3,00 |  over GMKN  | 2 | 2 | sell |  5,00 |  2,00 | 5 | 7 | buy  |  4,00 |  5,00 |  | 2010 |   69,17 |   -4,00 |   -8,47 | 2011 |   53,01 |   -6,40 |   -8,00 | 2012 |   48,08 |    0,00 |   -4,00 | 2013 |   26,02 |   -9,15 |   -8,27
SBER  | 2 | 5 | sell |  8,00 |  3,00 | 2 | 7 | buy  |  8,00 |  2,00 |  over LKOH  | 3 | 7 | sell |  5,00 |  4,00 | 5 | 5 | sell |  3,00 |  3,00 |  over GMKN  | 2 | 2 | sell |  5,00 |  2,00 | 5 | 7 | buy  |  4,00 |  5,00 |  | 2010 |   49,37 |   -3,00 |   -8,62 | 2011 |   58,08 |   -4,93 |   -8,00 | 2012 |   51,24 |  -11,21 |   -7,21 | 2013 |   33,41 |  -15,22 |   -6,12
SBER  | 2 | 5 | sell |  8,00 |  3,00 | 2 | 7 | buy  |  8,00 |  2,00 |  over LKOH  | 3 | 7 | sell |  5,00 |  4,00 | 5 | 5 | sell |  3,00 |  4,00 |  over GMKN  | 2 | 2 | sell |  5,00 |  2,00 | 5 | 7 | buy  |  4,00 |  5,00 |  | 2010 |   49,37 |   -3,00 |   -8,62 | 2011 |   58,08 |   -4,93 |   -8,00 | 2012 |   51,24 |  -11,21 |   -7,21 | 2013 |   33,41 |  -15,22 |   -6,12
SBER  | 2 | 5 | sell |  8,00 |  3,00 | 2 | 7 | buy  |  8,00 |  2,00 |  over LKOH  | 3 | 7 | sell |  5,00 |  4,00 | 5 | 5 | sell |  3,00 |  5,00 |  over GMKN  | 2 | 2 | sell |  5,00 |  2,00 | 5 | 7 | buy  |  4,00 |  5,00 |  | 2010 |   49,37 |   -3,00 |   -8,62 | 2011 |   58,08 |   -4,93 |   -8,00 | 2012 |   51,24 |  -11,21 |   -7,21 | 2013 |   33,41 |  -15,22 |   -6,12
SBER  | 2 | 5 | sell |  8,00 |  3,00 | 2 | 7 | buy  |  8,00 |  2,00 |  over LKOH  | 3 | 7 | sell |  5,00 |  4,00 | 5 | 6 | sell |  3,00 |  3,00 |  over GMKN  | 2 | 2 | sell |  5,00 |  2,00 | 5 | 7 | buy  |  4,00 |  5,00 |  | 2010 |   49,37 |   -3,00 |   -8,62 | 2011 |   58,08 |   -4,93 |   -8,00 | 2012 |   51,24 |  -11,21 |   -7,21 | 2013 |   33,41 |  -15,22 |   -6,12
SBER  | 2 | 5 | sell |  8,00 |  3,00 | 2 | 7 | buy  |  8,00 |  2,00 |  over LKOH  | 3 | 7 | sell |  5,00 |  4,00 | 5 | 6 | sell |  3,00 |  4,00 |  over GMKN  | 2 | 2 | sell |  5,00 |  2,00 | 5 | 7 | buy  |  4,00 |  5,00 |  | 2010 |   49,37 |   -3,00 |   -8,62 | 2011 |   58,08 |   -4,93 |   -8,00 | 2012 |   51,24 |  -11,21 |   -7,21 | 2013 |   33,41 |  -15,22 |   -6,12
SBER  | 2 | 5 | sell |  8,00 |  3,00 | 2 | 7 | buy  |  8,00 |  2,00 |  over LKOH  | 3 | 7 | sell |  5,00 |  4,00 | 5 | 6 | sell |  3,00 |  5,00 |  over GMKN  | 2 | 2 | sell |  5,00 |  2,00 | 5 | 7 | buy  |  4,00 |  5,00 |  | 2010 |   49,37 |   -3,00 |   -8,62 | 2011 |   58,08 |   -4,93 |   -8,00 | 2012 |   51,24 |  -11,21 |   -7,21 | 2013 |   33,41 |  -15,22 |   -6,12
SBER  | 2 | 5 | sell |  8,00 |  3,00 | 2 | 7 | buy  |  8,00 |  2,00 |  over LKOH  | 3 | 7 | sell |  5,00 |  5,00 | 5 | 5 | sell |  3,00 |  3,00 |  over GMKN  | 2 | 2 | sell |  5,00 |  2,00 | 5 | 7 | buy  |  4,00 |  5,00 |  | 2010 |   49,37 |   -3,00 |   -8,62 | 2011 |   58,08 |   -4,93 |   -8,00 | 2012 |   51,24 |  -11,21 |   -7,21 | 2013 |   33,41 |  -15,22 |   -6,12
SBER  | 2 | 5 | sell |  8,00 |  3,00 | 2 | 7 | buy  |  8,00 |  2,00 |  over LKOH  | 3 | 7 | sell |  5,00 |  5,00 | 5 | 6 | sell |  3,00 |  3,00 |  over GMKN  | 2 | 2 | sell |  5,00 |  2,00 | 5 | 7 | buy  |  4,00 |  5,00 |  | 2010 |   49,37 |   -3,00 |   -8,62 | 2011 |   58,08 |   -4,93 |   -8,00 | 2012 |   51,24 |  -11,21 |   -7,21 | 2013 |   33,41 |  -15,22 |   -6,12
MultipliedProfit 3 strategies > 56%
SBER  | 2 | 3 | sell |  7,00 |  4,00 | 2 | 7 | buy  |  7,00 |  2,00 |  over GMKN  | 2 | 2 | sell |  5,00 |  2,00 | 5 | 7 | buy  |  4,00 |  5,00 |  over GAZP  | 2 | 6 | sell |  8,00 |  3,00 | 2 | 6 | buy  |  4,00 |  4,00 |  | 2010 |   83,45 |   -4,00 |   -8,25 | 2011 |   66,81 |   -2,59 |   -5,92 | 2012 |   57,04 |    0,00 |   -3,96 | 2013 |   28,10 |   -8,91 |   -8,02
SBER  | 2 | 3 | sell |  7,00 |  4,00 | 2 | 7 | buy  |  7,00 |  2,00 |  over GMKN  | 2 | 2 | sell |  5,00 |  2,00 | 5 | 7 | buy  |  4,00 |  5,00 |  over GAZP  | 2 | 7 | sell |  6,00 |  3,00 | 2 | 6 | buy  |  5,00 |  4,00 |  | 2010 |   83,45 |   -4,00 |   -8,25 | 2011 |   61,94 |   -1,65 |   -5,92 | 2012 |   57,04 |    0,00 |   -3,96 | 2013 |   28,10 |   -8,91 |   -8,02
SBER  | 2 | 3 | sell |  7,00 |  4,00 | 2 | 7 | buy  |  7,00 |  2,00 |  over GMKN  | 2 | 2 | sell |  5,00 |  2,00 | 5 | 7 | buy  |  4,00 |  5,00 |  over NVTK  | 3 | 4 | sell |  4,00 |  5,00 | 3 | 4 | buy  |  4,00 |  4,00 |  | 2010 |   76,12 |   -4,00 |   -8,25 | 2011 |   60,40 |   -6,33 |   -7,76 | 2012 |   57,04 |    0,00 |   -3,96 | 2013 |   28,10 |   -8,91 |   -8,02
SBER  | 2 | 3 | sell |  7,00 |  4,00 | 2 | 7 | buy  |  7,00 |  2,00 |  over GMKN  | 2 | 2 | sell |  5,00 |  2,00 | 5 | 7 | buy  |  4,00 |  5,00 |  over NVTK  | 3 | 4 | sell |  4,00 |  5,00 | 3 | 4 | buy  |  4,00 |  5,00 |  | 2010 |   74,28 |   -4,00 |   -8,76 | 2011 |   60,40 |   -6,33 |   -7,76 | 2012 |   57,04 |    0,00 |   -3,96 | 2013 |   28,10 |   -8,91 |   -8,02
SBER  | 2 | 3 | sell |  7,00 |  4,00 | 2 | 7 | buy  |  7,00 |  2,00 |  over GMKN  | 2 | 2 | sell |  5,00 |  2,00 | 5 | 7 | buy  |  4,00 |  5,00 |  over NVTK  | 3 | 7 | sell |  4,00 |  5,00 | 3 | 4 | buy  |  4,00 |  5,00 |  | 2010 |   74,28 |   -4,00 |   -8,76 | 2011 |   60,40 |   -6,33 |   -7,76 | 2012 |   57,04 |    0,00 |   -3,96 | 2013 |   28,10 |   -8,91 |   -8,02
SBER  | 2 | 3 | sell |  7,00 |  4,00 | 2 | 7 | buy  |  7,00 |  2,00 |  over GMKN  | 2 | 2 | sell |  5,00 |  2,00 | 5 | 7 | buy  |  4,00 |  5,00 |  over LKOH  | 3 | 7 | sell |  5,00 |  4,00 | 3 | 6 | sell |  6,00 |  3,00 |  | 2010 |   83,45 |   -4,00 |   -8,25 | 2011 |   57,08 |   -9,14 |  -10,53 | 2012 |   57,04 |    0,00 |   -3,96 | 2013 |   28,10 |   -8,91 |   -8,02
SBER  | 2 | 3 | sell |  7,00 |  4,00 | 2 | 7 | buy  |  7,00 |  2,00 |  over GMKN  | 2 | 2 | sell |  5,00 |  2,00 | 5 | 7 | buy  |  4,00 |  5,00 |  over LKOH  | 3 | 7 | sell |  5,00 |  4,00 | 5 | 5 | sell |  3,00 |  3,00 |  | 2010 |   88,96 |   -4,00 |   -8,25 | 2011 |   61,94 |   -6,33 |   -7,76 | 2012 |   57,04 |    0,00 |   -3,96 | 2013 |   28,10 |   -8,91 |   -8,02
SBER  | 2 | 3 | sell |  7,00 |  4,00 | 2 | 7 | buy  |  7,00 |  2,00 |  over GMKN  | 2 | 2 | sell |  5,00 |  2,00 | 5 | 7 | buy  |  4,00 |  5,00 |  over LKOH  | 3 | 7 | sell |  5,00 |  4,00 | 5 | 5 | sell |  4,00 |  3,00 |  | 2010 |   83,45 |   -4,00 |   -8,25 | 2011 |   61,94 |   -6,33 |   -7,76 | 2012 |   57,04 |    0,00 |   -3,96 | 2013 |   28,10 |   -8,91 |   -8,02
SBER  | 2 | 3 | sell |  7,00 |  4,00 | 2 | 7 | buy  |  7,00 |  2,00 |  over GMKN  | 2 | 2 | sell |  5,00 |  2,00 | 5 | 7 | buy  |  4,00 |  5,00 |  over LKOH  | 3 | 7 | sell |  5,00 |  4,00 | 5 | 5 | sell |  5,00 |  3,00 |  | 2010 |   83,45 |   -4,00 |   -8,25 | 2011 |   61,94 |   -6,33 |   -7,76 | 2012 |   57,04 |    0,00 |   -3,96 | 2013 |   28,10 |   -8,91 |   -8,02
SBER  | 2 | 3 | sell |  7,00 |  4,00 | 2 | 7 | buy  |  7,00 |  2,00 |  over GMKN  | 2 | 2 | sell |  5,00 |  2,00 | 5 | 7 | buy  |  4,00 |  5,00 |  over LKOH  | 3 | 7 | sell |  5,00 |  4,00 | 5 | 5 | sell |  6,00 |  3,00 |  | 2010 |   83,45 |   -4,00 |   -8,25 | 2011 |   61,94 |   -6,33 |   -7,76 | 2012 |   57,04 |    0,00 |   -3,96 | 2013 |   28,10 |   -8,91 |   -8,02
SBER  | 2 | 3 | sell |  7,00 |  4,00 | 2 | 7 | buy  |  7,00 |  2,00 |  over GMKN  | 2 | 2 | sell |  5,00 |  2,00 | 5 | 7 | buy  |  4,00 |  5,00 |  over LKOH  | 3 | 7 | sell |  5,00 |  4,00 | 5 | 5 | sell |  7,00 |  3,00 |  | 2010 |   83,45 |   -4,00 |   -8,25 | 2011 |   61,94 |   -6,33 |   -7,76 | 2012 |   57,04 |    0,00 |   -3,96 | 2013 |   28,10 |   -8,91 |   -8,02
SBER  | 2 | 3 | sell |  7,00 |  4,00 | 2 | 7 | buy  |  7,00 |  2,00 |  over GMKN  | 2 | 2 | sell |  5,00 |  2,00 | 5 | 7 | buy  |  4,00 |  5,00 |  over LKOH  | 3 | 7 | sell |  5,00 |  4,00 | 5 | 5 | sell |  3,00 |  4,00 |  | 2010 |   88,96 |   -4,00 |   -8,25 | 2011 |   61,94 |   -6,33 |   -7,76 | 2012 |   57,04 |    0,00 |   -3,96 | 2013 |   28,10 |   -8,91 |   -8,02
SBER  | 2 | 3 | sell |  7,00 |  4,00 | 2 | 7 | buy  |  7,00 |  2,00 |  over GMKN  | 2 | 2 | sell |  5,00 |  2,00 | 5 | 7 | buy  |  4,00 |  5,00 |  over LKOH  | 3 | 7 | sell |  5,00 |  4,00 | 5 | 5 | sell |  4,00 |  4,00 |  | 2010 |   83,45 |   -4,00 |   -8,25 | 2011 |   61,94 |   -6,33 |   -7,76 | 2012 |   57,04 |    0,00 |   -3,96 | 2013 |   28,10 |   -8,91 |   -8,02
SBER  | 2 | 3 | sell |  7,00 |  4,00 | 2 | 7 | buy  |  7,00 |  2,00 |  over GMKN  | 2 | 2 | sell |  5,00 |  2,00 | 5 | 7 | buy  |  4,00 |  5,00 |  over LKOH  | 3 | 7 | sell |  5,00 |  4,00 | 5 | 5 | sell |  5,00 |  4,00 |  | 2010 |   83,45 |   -4,00 |   -8,25 | 2011 |   61,94 |   -6,33 |   -7,76 | 2012 |   57,04 |    0,00 |   -3,96 | 2013 |   28,10 |   -8,91 |   -8,02
SBER  | 2 | 3 | sell |  7,00 |  4,00 | 2 | 7 | buy  |  7,00 |  2,00 |  over GMKN  | 2 | 2 | sell |  5,00 |  2,00 | 5 | 7 | buy  |  4,00 |  5,00 |  over LKOH  | 3 | 7 | sell |  5,00 |  4,00 | 5 | 5 | sell |  6,00 |  4,00 |  | 2010 |   83,45 |   -4,00 |   -8,25 | 2011 |   61,94 |   -6,33 |   -7,76 | 2012 |   57,04 |    0,00 |   -3,96 | 2013 |   28,10 |   -8,91 |   -8,02
SBER  | 2 | 3 | sell |  7,00 |  4,00 | 2 | 7 | buy  |  7,00 |  2,00 |  over GMKN  | 2 | 2 | sell |  5,00 |  2,00 | 5 | 7 | buy  |  4,00 |  5,00 |  over LKOH  | 3 | 7 | sell |  5,00 |  4,00 | 5 | 5 | sell |  7,00 |  4,00 |  | 2010 |   83,45 |   -4,00 |   -8,25 | 2011 |   61,94 |   -6,33 |   -7,76 | 2012 |   57,04 |    0,00 |   -3,96 | 2013 |   28,10 |   -8,91 |   -8,02
SBER  | 2 | 3 | sell |  7,00 |  4,00 | 2 | 7 | buy  |  7,00 |  2,00 |  over GMKN  | 2 | 2 | sell |  5,00 |  2,00 | 5 | 7 | buy  |  4,00 |  5,00 |  over LKOH  | 3 | 7 | sell |  5,00 |  4,00 | 5 | 5 | sell |  3,00 |  5,00 |  | 2010 |   88,96 |   -4,00 |   -8,25 | 2011 |   61,94 |   -6,33 |   -7,76 | 2012 |   57,04 |    0,00 |   -3,96 | 2013 |   28,10 |   -8,91 |   -8,02
SBER  | 2 | 3 | sell |  7,00 |  4,00 | 2 | 7 | buy  |  7,00 |  2,00 |  over GMKN  | 2 | 2 | sell |  5,00 |  2,00 | 5 | 7 | buy  |  4,00 |  5,00 |  over LKOH  | 3 | 7 | sell |  5,00 |  4,00 | 5 | 5 | sell |  6,00 |  5,00 |  | 2010 |   83,45 |   -4,00 |   -8,25 | 2011 |   61,94 |   -6,33 |   -7,76 | 2012 |   57,04 |    0,00 |   -3,96 | 2013 |   28,10 |   -8,91 |   -8,02
SBER  | 2 | 3 | sell |  7,00 |  4,00 | 2 | 7 | buy  |  7,00 |  2,00 |  over GMKN  | 2 | 2 | sell |  5,00 |  2,00 | 5 | 7 | buy  |  4,00 |  5,00 |  over LKOH  | 3 | 7 | sell |  5,00 |  4,00 | 5 | 5 | sell |  7,00 |  5,00 |  | 2010 |   83,45 |   -4,00 |   -8,25 | 2011 |   61,94 |   -6,33 |   -7,76 | 2012 |   57,04 |    0,00 |   -3,96 | 2013 |   28,10 |   -8,91 |   -8,02
SBER  | 2 | 3 | sell |  7,00 |  4,00 | 2 | 7 | buy  |  7,00 |  2,00 |  over GMKN  | 2 | 2 | sell |  5,00 |  2,00 | 5 | 7 | buy  |  4,00 |  5,00 |  over LKOH  | 3 | 7 | sell |  5,00 |  4,00 | 5 | 6 | sell |  3,00 |  3,00 |  | 2010 |   88,96 |   -4,00 |   -8,25 | 2011 |   61,94 |   -6,33 |   -7,76 | 2012 |   57,04 |    0,00 |   -3,96 | 2013 |   28,10 |   -8,91 |   -8,02
SBER  | 2 | 3 | sell |  7,00 |  4,00 | 2 | 7 | buy  |  7,00 |  2,00 |  over GMKN  | 2 | 2 | sell |  5,00 |  2,00 | 5 | 7 | buy  |  4,00 |  5,00 |  over LKOH  | 3 | 7 | sell |  5,00 |  4,00 | 5 | 6 | sell |  4,00 |  3,00 |  | 2010 |   83,45 |   -4,00 |   -8,25 | 2011 |   61,94 |   -6,33 |   -7,76 | 2012 |   57,04 |    0,00 |   -3,96 | 2013 |   28,10 |   -8,91 |   -8,02
SBER  | 2 | 3 | sell |  7,00 |  4,00 | 2 | 7 | buy  |  7,00 |  2,00 |  over GMKN  | 2 | 2 | sell |  5,00 |  2,00 | 5 | 7 | buy  |  4,00 |  5,00 |  over LKOH  | 3 | 7 | sell |  5,00 |  4,00 | 5 | 6 | sell |  5,00 |  3,00 |  | 2010 |   83,45 |   -4,00 |   -8,25 | 2011 |   61,94 |   -6,33 |   -7,76 | 2012 |   57,04 |    0,00 |   -3,96 | 2013 |   28,10 |   -8,91 |   -8,02
SBER  | 2 | 3 | sell |  7,00 |  4,00 | 2 | 7 | buy  |  7,00 |  2,00 |  over GMKN  | 2 | 2 | sell |  5,00 |  2,00 | 5 | 7 | buy  |  4,00 |  5,00 |  over LKOH  | 3 | 7 | sell |  5,00 |  4,00 | 5 | 6 | sell |  6,00 |  3,00 |  | 2010 |   83,45 |   -4,00 |   -8,25 | 2011 |   61,94 |   -6,33 |   -7,76 | 2012 |   57,04 |    0,00 |   -3,96 | 2013 |   28,10 |   -8,91 |   -8,02
SBER  | 2 | 3 | sell |  7,00 |  4,00 | 2 | 7 | buy  |  7,00 |  2,00 |  over GMKN  | 2 | 2 | sell |  5,00 |  2,00 | 5 | 7 | buy  |  4,00 |  5,00 |  over LKOH  | 3 | 7 | sell |  5,00 |  4,00 | 5 | 6 | sell |  7,00 |  3,00 |  | 2010 |   83,45 |   -4,00 |   -8,25 | 2011 |   61,94 |   -6,33 |   -7,76 | 2012 |   57,04 |    0,00 |   -3,96 | 2013 |   28,10 |   -8,91 |   -8,02
SBER  | 2 | 3 | sell |  7,00 |  4,00 | 2 | 7 | buy  |  7,00 |  2,00 |  over GMKN  | 2 | 2 | sell |  5,00 |  2,00 | 5 | 7 | buy  |  4,00 |  5,00 |  over LKOH  | 3 | 7 | sell |  5,00 |  4,00 | 5 | 6 | sell |  3,00 |  4,00 |  | 2010 |   88,96 |   -4,00 |   -8,25 | 2011 |   61,94 |   -6,33 |   -7,76 | 2012 |   57,04 |    0,00 |   -3,96 | 2013 |   28,10 |   -8,91 |   -8,02
SBER  | 2 | 3 | sell |  7,00 |  4,00 | 2 | 7 | buy  |  7,00 |  2,00 |  over GMKN  | 2 | 2 | sell |  5,00 |  2,00 | 5 | 7 | buy  |  4,00 |  5,00 |  over LKOH  | 3 | 7 | sell |  5,00 |  4,00 | 5 | 6 | sell |  4,00 |  4,00 |  | 2010 |   83,45 |   -4,00 |   -8,25 | 2011 |   61,94 |   -6,33 |   -7,76 | 2012 |   57,04 |    0,00 |   -3,96 | 2013 |   28,10 |   -8,91 |   -8,02
SBER  | 2 | 3 | sell |  7,00 |  4,00 | 2 | 7 | buy  |  7,00 |  2,00 |  over GMKN  | 2 | 2 | sell |  5,00 |  2,00 | 5 | 7 | buy  |  4,00 |  5,00 |  over LKOH  | 3 | 7 | sell |  5,00 |  4,00 | 5 | 6 | sell |  5,00 |  4,00 |  | 2010 |   83,45 |   -4,00 |   -8,25 | 2011 |   61,94 |   -6,33 |   -7,76 | 2012 |   57,04 |    0,00 |   -3,96 | 2013 |   28,10 |   -8,91 |   -8,02
SBER  | 2 | 3 | sell |  7,00 |  4,00 | 2 | 7 | buy  |  7,00 |  2,00 |  over GMKN  | 2 | 2 | sell |  5,00 |  2,00 | 5 | 7 | buy  |  4,00 |  5,00 |  over LKOH  | 3 | 7 | sell |  5,00 |  4,00 | 5 | 6 | sell |  6,00 |  4,00 |  | 2010 |   83,45 |   -4,00 |   -8,25 | 2011 |   61,94 |   -6,33 |   -7,76 | 2012 |   57,04 |    0,00 |   -3,96 | 2013 |   28,10 |   -8,91 |   -8,02
SBER  | 2 | 3 | sell |  7,00 |  4,00 | 2 | 7 | buy  |  7,00 |  2,00 |  over GMKN  | 2 | 2 | sell |  5,00 |  2,00 | 5 | 7 | buy  |  4,00 |  5,00 |  over LKOH  | 3 | 7 | sell |  5,00 |  4,00 | 5 | 6 | sell |  7,00 |  4,00 |  | 2010 |   83,45 |   -4,00 |   -8,25 | 2011 |   61,94 |   -6,33 |   -7,76 | 2012 |   57,04 |    0,00 |   -3,96 | 2013 |   28,10 |   -8,91 |   -8,02
SBER  | 2 | 3 | sell |  7,00 |  4,00 | 2 | 7 | buy  |  7,00 |  2,00 |  over GMKN  | 2 | 2 | sell |  5,00 |  2,00 | 5 | 7 | buy  |  4,00 |  5,00 |  over LKOH  | 3 | 7 | sell |  5,00 |  4,00 | 5 | 6 | sell |  3,00 |  5,00 |  | 2010 |   88,96 |   -4,00 |   -8,25 | 2011 |   61,94 |   -6,33 |   -7,76 | 2012 |   57,04 |    0,00 |   -3,96 | 2013 |   28,10 |   -8,91 |   -8,02
SBER  | 2 | 3 | sell |  7,00 |  4,00 | 2 | 7 | buy  |  7,00 |  2,00 |  over GMKN  | 2 | 2 | sell |  5,00 |  2,00 | 5 | 7 | buy  |  4,00 |  5,00 |  over LKOH  | 3 | 7 | sell |  5,00 |  4,00 | 5 | 6 | sell |  4,00 |  5,00 |  | 2010 |   83,45 |   -4,00 |   -8,25 | 2011 |   61,94 |   -6,33 |   -7,76 | 2012 |   57,04 |    0,00 |   -3,96 | 2013 |   28,10 |   -8,91 |   -8,02
SBER  | 2 | 3 | sell |  7,00 |  4,00 | 2 | 7 | buy  |  7,00 |  2,00 |  over GMKN  | 2 | 2 | sell |  5,00 |  2,00 | 5 | 7 | buy  |  4,00 |  5,00 |  over LKOH  | 3 | 7 | sell |  5,00 |  4,00 | 5 | 6 | sell |  6,00 |  5,00 |  | 2010 |   83,45 |   -4,00 |   -8,25 | 2011 |   61,94 |   -6,33 |   -7,76 | 2012 |   57,04 |    0,00 |   -3,96 | 2013 |   28,10 |   -8,91 |   -8,02
SBER  | 2 | 3 | sell |  7,00 |  4,00 | 2 | 7 | buy  |  7,00 |  2,00 |  over GMKN  | 2 | 2 | sell |  5,00 |  2,00 | 5 | 7 | buy  |  4,00 |  5,00 |  over LKOH  | 3 | 7 | sell |  5,00 |  4,00 | 5 | 6 | sell |  7,00 |  5,00 |  | 2010 |   83,45 |   -4,00 |   -8,25 | 2011 |   61,94 |   -6,33 |   -7,76 | 2012 |   57,04 |    0,00 |   -3,96 | 2013 |   28,10 |   -8,91 |   -8,02
SBER  | 2 | 3 | sell |  7,00 |  4,00 | 2 | 7 | buy  |  7,00 |  2,00 |  over GMKN  | 2 | 2 | sell |  5,00 |  2,00 | 5 | 7 | buy  |  4,00 |  5,00 |  over LKOH  | 3 | 7 | sell |  5,00 |  5,00 | 5 | 5 | sell |  3,00 |  3,00 |  | 2010 |   88,96 |   -4,00 |   -8,25 | 2011 |   61,94 |   -6,33 |   -7,76 | 2012 |   57,04 |    0,00 |   -3,96 | 2013 |   28,10 |   -8,91 |   -8,02
SBER  | 2 | 3 | sell |  7,00 |  4,00 | 2 | 7 | buy  |  7,00 |  2,00 |  over GMKN  | 2 | 2 | sell |  5,00 |  2,00 | 5 | 7 | buy  |  4,00 |  5,00 |  over LKOH  | 3 | 7 | sell |  5,00 |  5,00 | 5 | 6 | sell |  3,00 |  3,00 |  | 2010 |   88,96 |   -4,00 |   -8,25 | 2011 |   61,94 |   -6,33 |   -7,76 | 2012 |   57,04 |    0,00 |   -3,96 | 2013 |   28,10 |   -8,91 |   -8,02
SBER  | 2 | 3 | sell |  7,00 |  4,00 | 2 | 7 | buy  |  7,00 |  2,00 |  over GMKN  | 2 | 2 | sell |  5,00 |  2,00 | 5 | 7 | buy  |  4,00 |  5,00 |  over LKOH  | 3 | 7 | sell |  6,00 |  4,00 | 3 | 6 | sell |  6,00 |  4,00 |  | 2010 |   83,45 |   -4,00 |   -8,25 | 2011 |   56,94 |  -10,08 |  -11,45 | 2012 |   57,04 |    0,00 |   -3,96 | 2013 |   28,10 |   -8,91 |   -8,02
SBER  | 2 | 3 | sell |  7,00 |  4,00 | 2 | 7 | buy  |  7,00 |  2,00 |  over LKOH  | 3 | 7 | sell |  5,00 |  4,00 | 5 | 5 | sell |  3,00 |  3,00 |  over GMKN  | 2 | 2 | sell |  5,00 |  2,00 | 5 | 7 | buy  |  4,00 |  5,00 |  | 2010 |   88,96 |   -4,00 |   -8,25 | 2011 |   61,94 |   -6,33 |   -7,76 | 2012 |   57,04 |    0,00 |   -3,96 | 2013 |   28,10 |   -8,91 |   -8,02
SBER  | 2 | 3 | sell |  7,00 |  4,00 | 2 | 7 | buy  |  7,00 |  2,00 |  over LKOH  | 3 | 7 | sell |  5,00 |  4,00 | 5 | 5 | sell |  4,00 |  3,00 |  over GMKN  | 2 | 2 | sell |  5,00 |  2,00 | 5 | 7 | buy  |  4,00 |  5,00 |  | 2010 |   83,45 |   -4,00 |   -8,25 | 2011 |   61,94 |   -6,33 |   -7,76 | 2012 |   57,04 |    0,00 |   -3,96 | 2013 |   28,10 |   -8,91 |   -8,02
SBER  | 2 | 3 | sell |  7,00 |  4,00 | 2 | 7 | buy  |  7,00 |  2,00 |  over LKOH  | 3 | 7 | sell |  5,00 |  4,00 | 5 | 5 | sell |  5,00 |  3,00 |  over GMKN  | 2 | 2 | sell |  5,00 |  2,00 | 5 | 7 | buy  |  4,00 |  5,00 |  | 2010 |   83,45 |   -4,00 |   -8,25 | 2011 |   61,94 |   -6,33 |   -7,76 | 2012 |   57,04 |    0,00 |   -3,96 | 2013 |   28,10 |   -8,91 |   -8,02
SBER  | 2 | 3 | sell |  7,00 |  4,00 | 2 | 7 | buy  |  7,00 |  2,00 |  over LKOH  | 3 | 7 | sell |  5,00 |  4,00 | 5 | 5 | sell |  6,00 |  3,00 |  over GMKN  | 2 | 2 | sell |  5,00 |  2,00 | 5 | 7 | buy  |  4,00 |  5,00 |  | 2010 |   83,45 |   -4,00 |   -8,25 | 2011 |   61,94 |   -6,33 |   -7,76 | 2012 |   57,04 |    0,00 |   -3,96 | 2013 |   28,10 |   -8,91 |   -8,02
SBER  | 2 | 3 | sell |  7,00 |  4,00 | 2 | 7 | buy  |  7,00 |  2,00 |  over LKOH  | 3 | 7 | sell |  5,00 |  4,00 | 5 | 5 | sell |  7,00 |  3,00 |  over GMKN  | 2 | 2 | sell |  5,00 |  2,00 | 5 | 7 | buy  |  4,00 |  5,00 |  | 2010 |   83,45 |   -4,00 |   -8,25 | 2011 |   61,94 |   -6,33 |   -7,76 | 2012 |   57,04 |    0,00 |   -3,96 | 2013 |   28,10 |   -8,91 |   -8,02
SBER  | 2 | 3 | sell |  7,00 |  4,00 | 2 | 7 | buy  |  7,00 |  2,00 |  over LKOH  | 3 | 7 | sell |  5,00 |  4,00 | 5 | 5 | sell |  3,00 |  4,00 |  over GMKN  | 2 | 2 | sell |  5,00 |  2,00 | 5 | 7 | buy  |  4,00 |  5,00 |  | 2010 |   88,96 |   -4,00 |   -8,25 | 2011 |   61,94 |   -6,33 |   -7,76 | 2012 |   57,04 |    0,00 |   -3,96 | 2013 |   28,10 |   -8,91 |   -8,02
SBER  | 2 | 3 | sell |  7,00 |  4,00 | 2 | 7 | buy  |  7,00 |  2,00 |  over LKOH  | 3 | 7 | sell |  5,00 |  4,00 | 5 | 5 | sell |  4,00 |  4,00 |  over GMKN  | 2 | 2 | sell |  5,00 |  2,00 | 5 | 7 | buy  |  4,00 |  5,00 |  | 2010 |   83,45 |   -4,00 |   -8,25 | 2011 |   61,94 |   -6,33 |   -7,76 | 2012 |   57,04 |    0,00 |   -3,96 | 2013 |   28,10 |   -8,91 |   -8,02
SBER  | 2 | 3 | sell |  7,00 |  4,00 | 2 | 7 | buy  |  7,00 |  2,00 |  over LKOH  | 3 | 7 | sell |  5,00 |  4,00 | 5 | 5 | sell |  5,00 |  4,00 |  over GMKN  | 2 | 2 | sell |  5,00 |  2,00 | 5 | 7 | buy  |  4,00 |  5,00 |  | 2010 |   83,45 |   -4,00 |   -8,25 | 2011 |   61,94 |   -6,33 |   -7,76 | 2012 |   57,04 |    0,00 |   -3,96 | 2013 |   28,10 |   -8,91 |   -8,02
SBER  | 2 | 3 | sell |  7,00 |  4,00 | 2 | 7 | buy  |  7,00 |  2,00 |  over LKOH  | 3 | 7 | sell |  5,00 |  4,00 | 5 | 5 | sell |  6,00 |  4,00 |  over GMKN  | 2 | 2 | sell |  5,00 |  2,00 | 5 | 7 | buy  |  4,00 |  5,00 |  | 2010 |   83,45 |   -4,00 |   -8,25 | 2011 |   61,94 |   -6,33 |   -7,76 | 2012 |   57,04 |    0,00 |   -3,96 | 2013 |   28,10 |   -8,91 |   -8,02
SBER  | 2 | 3 | sell |  7,00 |  4,00 | 2 | 7 | buy  |  7,00 |  2,00 |  over LKOH  | 3 | 7 | sell |  5,00 |  4,00 | 5 | 5 | sell |  7,00 |  4,00 |  over GMKN  | 2 | 2 | sell |  5,00 |  2,00 | 5 | 7 | buy  |  4,00 |  5,00 |  | 2010 |   83,45 |   -4,00 |   -8,25 | 2011 |   61,94 |   -6,33 |   -7,76 | 2012 |   57,04 |    0,00 |   -3,96 | 2013 |   28,10 |   -8,91 |   -8,02
SBER  | 2 | 3 | sell |  7,00 |  4,00 | 2 | 7 | buy  |  7,00 |  2,00 |  over LKOH  | 3 | 7 | sell |  5,00 |  4,00 | 5 | 5 | sell |  3,00 |  5,00 |  over GMKN  | 2 | 2 | sell |  5,00 |  2,00 | 5 | 7 | buy  |  4,00 |  5,00 |  | 2010 |   88,96 |   -4,00 |   -8,25 | 2011 |   61,94 |   -6,33 |   -7,76 | 2012 |   57,04 |    0,00 |   -3,96 | 2013 |   28,10 |   -8,91 |   -8,02
SBER  | 2 | 3 | sell |  7,00 |  4,00 | 2 | 7 | buy  |  7,00 |  2,00 |  over LKOH  | 3 | 7 | sell |  5,00 |  4,00 | 5 | 5 | sell |  6,00 |  5,00 |  over GMKN  | 2 | 2 | sell |  5,00 |  2,00 | 5 | 7 | buy  |  4,00 |  5,00 |  | 2010 |   83,45 |   -4,00 |   -8,25 | 2011 |   61,94 |   -6,33 |   -7,76 | 2012 |   57,04 |    0,00 |   -3,96 | 2013 |   28,10 |   -8,91 |   -8,02
SBER  | 2 | 3 | sell |  7,00 |  4,00 | 2 | 7 | buy  |  7,00 |  2,00 |  over LKOH  | 3 | 7 | sell |  5,00 |  4,00 | 5 | 5 | sell |  7,00 |  5,00 |  over GMKN  | 2 | 2 | sell |  5,00 |  2,00 | 5 | 7 | buy  |  4,00 |  5,00 |  | 2010 |   83,45 |   -4,00 |   -8,25 | 2011 |   61,94 |   -6,33 |   -7,76 | 2012 |   57,04 |    0,00 |   -3,96 | 2013 |   28,10 |   -8,91 |   -8,02
SBER  | 2 | 3 | sell |  7,00 |  4,00 | 2 | 7 | buy  |  7,00 |  2,00 |  over LKOH  | 3 | 7 | sell |  5,00 |  4,00 | 5 | 6 | sell |  3,00 |  3,00 |  over GMKN  | 2 | 2 | sell |  5,00 |  2,00 | 5 | 7 | buy  |  4,00 |  5,00 |  | 2010 |   88,96 |   -4,00 |   -8,25 | 2011 |   61,94 |   -6,33 |   -7,76 | 2012 |   57,04 |    0,00 |   -3,96 | 2013 |   28,10 |   -8,91 |   -8,02
SBER  | 2 | 3 | sell |  7,00 |  4,00 | 2 | 7 | buy  |  7,00 |  2,00 |  over LKOH  | 3 | 7 | sell |  5,00 |  4,00 | 5 | 6 | sell |  4,00 |  3,00 |  over GMKN  | 2 | 2 | sell |  5,00 |  2,00 | 5 | 7 | buy  |  4,00 |  5,00 |  | 2010 |   83,45 |   -4,00 |   -8,25 | 2011 |   61,94 |   -6,33 |   -7,76 | 2012 |   57,04 |    0,00 |   -3,96 | 2013 |   28,10 |   -8,91 |   -8,02
SBER  | 2 | 3 | sell |  7,00 |  4,00 | 2 | 7 | buy  |  7,00 |  2,00 |  over LKOH  | 3 | 7 | sell |  5,00 |  4,00 | 5 | 6 | sell |  5,00 |  3,00 |  over GMKN  | 2 | 2 | sell |  5,00 |  2,00 | 5 | 7 | buy  |  4,00 |  5,00 |  | 2010 |   83,45 |   -4,00 |   -8,25 | 2011 |   61,94 |   -6,33 |   -7,76 | 2012 |   57,04 |    0,00 |   -3,96 | 2013 |   28,10 |   -8,91 |   -8,02
SBER  | 2 | 3 | sell |  7,00 |  4,00 | 2 | 7 | buy  |  7,00 |  2,00 |  over LKOH  | 3 | 7 | sell |  5,00 |  4,00 | 5 | 6 | sell |  6,00 |  3,00 |  over GMKN  | 2 | 2 | sell |  5,00 |  2,00 | 5 | 7 | buy  |  4,00 |  5,00 |  | 2010 |   83,45 |   -4,00 |   -8,25 | 2011 |   61,94 |   -6,33 |   -7,76 | 2012 |   57,04 |    0,00 |   -3,96 | 2013 |   28,10 |   -8,91 |   -8,02
SBER  | 2 | 3 | sell |  7,00 |  4,00 | 2 | 7 | buy  |  7,00 |  2,00 |  over LKOH  | 3 | 7 | sell |  5,00 |  4,00 | 5 | 6 | sell |  7,00 |  3,00 |  over GMKN  | 2 | 2 | sell |  5,00 |  2,00 | 5 | 7 | buy  |  4,00 |  5,00 |  | 2010 |   83,45 |   -4,00 |   -8,25 | 2011 |   61,94 |   -6,33 |   -7,76 | 2012 |   57,04 |    0,00 |   -3,96 | 2013 |   28,10 |   -8,91 |   -8,02
SBER  | 2 | 3 | sell |  7,00 |  4,00 | 2 | 7 | buy  |  7,00 |  2,00 |  over LKOH  | 3 | 7 | sell |  5,00 |  4,00 | 5 | 6 | sell |  3,00 |  4,00 |  over GMKN  | 2 | 2 | sell |  5,00 |  2,00 | 5 | 7 | buy  |  4,00 |  5,00 |  | 2010 |   88,96 |   -4,00 |   -8,25 | 2011 |   61,94 |   -6,33 |   -7,76 | 2012 |   57,04 |    0,00 |   -3,96 | 2013 |   28,10 |   -8,91 |   -8,02
SBER  | 2 | 3 | sell |  7,00 |  4,00 | 2 | 7 | buy  |  7,00 |  2,00 |  over LKOH  | 3 | 7 | sell |  5,00 |  4,00 | 5 | 6 | sell |  4,00 |  4,00 |  over GMKN  | 2 | 2 | sell |  5,00 |  2,00 | 5 | 7 | buy  |  4,00 |  5,00 |  | 2010 |   83,45 |   -4,00 |   -8,25 | 2011 |   61,94 |   -6,33 |   -7,76 | 2012 |   57,04 |    0,00 |   -3,96 | 2013 |   28,10 |   -8,91 |   -8,02
SBER  | 2 | 3 | sell |  7,00 |  4,00 | 2 | 7 | buy  |  7,00 |  2,00 |  over LKOH  | 3 | 7 | sell |  5,00 |  4,00 | 5 | 6 | sell |  5,00 |  4,00 |  over GMKN  | 2 | 2 | sell |  5,00 |  2,00 | 5 | 7 | buy  |  4,00 |  5,00 |  | 2010 |   83,45 |   -4,00 |   -8,25 | 2011 |   61,94 |   -6,33 |   -7,76 | 2012 |   57,04 |    0,00 |   -3,96 | 2013 |   28,10 |   -8,91 |   -8,02
SBER  | 2 | 3 | sell |  7,00 |  4,00 | 2 | 7 | buy  |  7,00 |  2,00 |  over LKOH  | 3 | 7 | sell |  5,00 |  4,00 | 5 | 6 | sell |  6,00 |  4,00 |  over GMKN  | 2 | 2 | sell |  5,00 |  2,00 | 5 | 7 | buy  |  4,00 |  5,00 |  | 2010 |   83,45 |   -4,00 |   -8,25 | 2011 |   61,94 |   -6,33 |   -7,76 | 2012 |   57,04 |    0,00 |   -3,96 | 2013 |   28,10 |   -8,91 |   -8,02
SBER  | 2 | 3 | sell |  7,00 |  4,00 | 2 | 7 | buy  |  7,00 |  2,00 |  over LKOH  | 3 | 7 | sell |  5,00 |  4,00 | 5 | 6 | sell |  7,00 |  4,00 |  over GMKN  | 2 | 2 | sell |  5,00 |  2,00 | 5 | 7 | buy  |  4,00 |  5,00 |  | 2010 |   83,45 |   -4,00 |   -8,25 | 2011 |   61,94 |   -6,33 |   -7,76 | 2012 |   57,04 |    0,00 |   -3,96 | 2013 |   28,10 |   -8,91 |   -8,02
SBER  | 2 | 3 | sell |  7,00 |  4,00 | 2 | 7 | buy  |  7,00 |  2,00 |  over LKOH  | 3 | 7 | sell |  5,00 |  4,00 | 5 | 6 | sell |  3,00 |  5,00 |  over GMKN  | 2 | 2 | sell |  5,00 |  2,00 | 5 | 7 | buy  |  4,00 |  5,00 |  | 2010 |   88,96 |   -4,00 |   -8,25 | 2011 |   61,94 |   -6,33 |   -7,76 | 2012 |   57,04 |    0,00 |   -3,96 | 2013 |   28,10 |   -8,91 |   -8,02
SBER  | 2 | 3 | sell |  7,00 |  4,00 | 2 | 7 | buy  |  7,00 |  2,00 |  over LKOH  | 3 | 7 | sell |  5,00 |  4,00 | 5 | 6 | sell |  4,00 |  5,00 |  over GMKN  | 2 | 2 | sell |  5,00 |  2,00 | 5 | 7 | buy  |  4,00 |  5,00 |  | 2010 |   83,45 |   -4,00 |   -8,25 | 2011 |   61,94 |   -6,33 |   -7,76 | 2012 |   57,04 |    0,00 |   -3,96 | 2013 |   28,10 |   -8,91 |   -8,02
SBER  | 2 | 3 | sell |  7,00 |  4,00 | 2 | 7 | buy  |  7,00 |  2,00 |  over LKOH  | 3 | 7 | sell |  5,00 |  4,00 | 5 | 6 | sell |  6,00 |  5,00 |  over GMKN  | 2 | 2 | sell |  5,00 |  2,00 | 5 | 7 | buy  |  4,00 |  5,00 |  | 2010 |   83,45 |   -4,00 |   -8,25 | 2011 |   61,94 |   -6,33 |   -7,76 | 2012 |   57,04 |    0,00 |   -3,96 | 2013 |   28,10 |   -8,91 |   -8,02
SBER  | 2 | 3 | sell |  7,00 |  4,00 | 2 | 7 | buy  |  7,00 |  2,00 |  over LKOH  | 3 | 7 | sell |  5,00 |  4,00 | 5 | 6 | sell |  7,00 |  5,00 |  over GMKN  | 2 | 2 | sell |  5,00 |  2,00 | 5 | 7 | buy  |  4,00 |  5,00 |  | 2010 |   83,45 |   -4,00 |   -8,25 | 2011 |   61,94 |   -6,33 |   -7,76 | 2012 |   57,04 |    0,00 |   -3,96 | 2013 |   28,10 |   -8,91 |   -8,02
SBER  | 2 | 3 | sell |  7,00 |  4,00 | 2 | 7 | buy  |  7,00 |  2,00 |  over LKOH  | 3 | 7 | sell |  5,00 |  5,00 | 5 | 5 | sell |  3,00 |  3,00 |  over GMKN  | 2 | 2 | sell |  5,00 |  2,00 | 5 | 7 | buy  |  4,00 |  5,00 |  | 2010 |   88,96 |   -4,00 |   -8,25 | 2011 |   61,94 |   -6,33 |   -7,76 | 2012 |   57,04 |    0,00 |   -3,96 | 2013 |   28,10 |   -8,91 |   -8,02
SBER  | 2 | 3 | sell |  7,00 |  4,00 | 2 | 7 | buy  |  7,00 |  2,00 |  over LKOH  | 3 | 7 | sell |  5,00 |  5,00 | 5 | 6 | sell |  3,00 |  3,00 |  over GMKN  | 2 | 2 | sell |  5,00 |  2,00 | 5 | 7 | buy  |  4,00 |  5,00 |  | 2010 |   88,96 |   -4,00 |   -8,25 | 2011 |   61,94 |   -6,33 |   -7,76 | 2012 |   57,04 |    0,00 |   -3,96 | 2013 |   28,10 |   -8,91 |   -8,02
