20100111,000000,192.5500000,196.9000000,191.0000000,194.5000000,59465172
20100112,000000,194.1000000,195.8000000,190.5500000,191.8000000,43441242
20100113,000000,189.8000000,191.8600000,188.3000000,189.3000000,52375480
20100114,000000,191.1900000,191.4600000,188.8800000,190.8300000,41093689
20100115,000000,190.0000000,192.1000000,187.2500000,187.8600000,55517101
20100118,000000,186.9700000,190.5000000,186.6000000,190.4000000,36485483
20100119,000000,190.1400000,190.4700000,187.3600000,189.7600000,48577626
20100120,000000,189.2000000,189.9000000,185.8200000,185.9800000,46820582
20100121,000000,187.1600000,187.1900000,182.3000000,182.7600000,62742166
20100122,000000,181.4900000,183.0000000,178.5100000,181.5000000,62766728
20100125,000000,179.0000000,184.3900000,178.9400000,182.8500000,48596806
20100126,000000,180.0100000,182.5000000,177.1000000,181.2900000,58930064
20100127,000000,180.7000000,183.9500000,178.0000000,182.0100000,66478271
20100128,000000,183.7500000,185.9800000,181.6700000,182.3000000,62483023
20100129,000000,180.5200000,186.4700000,179.9000000,186.4400000,58421953
20100201,000000,184.7500000,190.4000000,183.5000000,189.8500000,76241424
20100202,000000,191.2900000,192.6800000,190.0200000,192.2100000,66786962
20100203,000000,194.0000000,195.2700000,192.3000000,192.7000000,74612152
20100204,000000,192.6400000,193.3900000,185.7800000,186.5900000,72596540
20100205,000000,183.0400000,185.1400000,178.4200000,182.3100000,103157127
20100208,000000,181.8000000,184.3500000,174.6500000,175.3100000,90280526
20100209,000000,176.9800000,178.4400000,173.2800000,174.9100000,85445175
20100210,000000,176.1100000,176.5300000,169.9000000,171.4800000,82438757
20100211,000000,173.5300000,174.1800000,167.3200000,168.4000000,77394573
20100212,000000,170.4900000,172.2000000,162.0100000,163.0400000,112301898
20100215,000000,163.5500000,165.1600000,162.5000000,164.4500000,40189677
20100216,000000,165.4700000,172.3000000,165.2500000,172.1800000,81622882
20100217,000000,173.7700000,174.5000000,171.0500000,171.3500000,72255041
20100218,000000,170.5500000,170.7400000,166.3600000,168.4000000,74926678
20100219,000000,164.8000000,171.9700000,163.5500000,171.8300000,65146638
20100224,000000,170.0300000,172.1200000,167.8100000,171.0000000,50034730
20100225,000000,170.0000000,170.9700000,164.5000000,165.4800000,58719324
20100226,000000,166.9000000,168.1700000,164.2900000,166.7200000,57393829
20100227,000000,166.7100000,167.9000000,166.2100000,167.6100000,12717292
20100301,000000,168.7000000,170.7100000,166.3300000,168.2000000,58511166
20100302,000000,167.9800000,171.2100000,167.2600000,169.5100000,50287139
20100303,000000,168.8900000,171.1000000,167.1200000,170.1000000,50211947
20100304,000000,169.0400000,174.4400000,168.3700000,172.2700000,72166688
20100305,000000,174.0600000,177.5600000,173.7600000,176.8000000,90368301
20100309,000000,176.6200000,178.0900000,174.3400000,175.4700000,58860930
20100310,000000,174.8000000,177.7100000,172.6500000,173.7700000,64130850
20100311,000000,173.0100000,174.6900000,170.4000000,170.6200000,49240452
20100312,000000,172.4000000,174.7000000,171.4700000,172.7100000,58569566
20100315,000000,171.6000000,172.7000000,168.9100000,169.2700000,45483972
20100316,000000,169.9500000,171.9800000,169.5300000,171.3500000,40957005
20100317,000000,173.0200000,174.2200000,170.6900000,171.9400000,58350355
20100318,000000,171.2000000,173.2900000,170.3500000,170.6000000,46455714
20100319,000000,171.0100000,171.9700000,166.3900000,167.0600000,60944936
20100322,000000,166.3200000,169.6400000,164.8900000,169.2900000,68271396
20100323,000000,170.0200000,170.3300000,165.9600000,167.6000000,58209362
20100324,000000,168.0000000,168.9600000,164.7200000,164.8500000,54015845
20100325,000000,165.0000000,166.0000000,160.1100000,162.3000000,95035318
20100326,000000,161.9000000,162.7400000,159.4900000,161.1000000,79313075
20100329,000000,160.9500000,165.1400000,160.0100000,164.5500000,57981050
20100330,000000,165.3800000,170.6700000,165.2000000,170.4400000,105989776
20100331,000000,170.0000000,173.8600000,169.5100000,171.5000000,96441019
20100401,000000,172.4600000,176.1400000,172.3300000,175.0000000,94908340
20100402,000000,176.1500000,176.7000000,173.1100000,175.3400000,46522737
20100405,000000,176.3700000,176.5500000,173.8700000,175.8800000,29090638
20100406,000000,175.5100000,178.8300000,174.1200000,177.1000000,107075008
20100407,000000,177.4900000,178.0400000,174.7500000,174.9900000,59478100
20100408,000000,174.0100000,176.9900000,172.7600000,174.5400000,67325864
20100409,000000,175.9800000,176.6300000,174.0400000,175.1500000,55841194
20100412,000000,176.1600000,177.4800000,174.1800000,175.9300000,50074436
20100413,000000,174.7000000,175.9200000,173.7500000,174.3000000,42538315
20100414,000000,175.5700000,181.6100000,175.0400000,181.4000000,103449718
20100415,000000,182.8000000,185.2200000,181.4500000,185.1600000,123009078
20100416,000000,182.9900000,183.8600000,179.6100000,179.9900000,70700047
20100419,000000,177.0000000,177.1000000,173.3000000,174.5100000,84129689
20100420,000000,175.7400000,176.9000000,174.3000000,175.1500000,63843580
20100421,000000,175.9900000,176.7500000,171.2500000,173.0900000,68848602
20100422,000000,172.2500000,175.5000000,169.6700000,170.7000000,73358011
20100423,000000,171.5200000,175.0500000,170.8500000,175.0000000,63994764
20100426,000000,176.9000000,178.6800000,175.9600000,177.9900000,58579972
20100427,000000,176.6900000,176.8900000,173.6800000,175.6000000,49939901
20100428,000000,171.6000000,173.5000000,169.8500000,170.5600000,83968624
20100429,000000,171.7700000,175.4000000,171.2700000,174.5000000,71814184
20100430,000000,175.1000000,175.1700000,169.9300000,170.0000000,55733699
20100504,000000,171.4400000,172.2000000,163.9800000,164.2300000,59163748
20100505,000000,164.0000000,166.5000000,161.7500000,164.2000000,68578527
20100506,000000,162.9800000,167.2000000,162.7100000,163.7900000,64102854
20100507,000000,160.1000000,162.2300000,153.5000000,155.0000000,85190663
20100511,000000,159.9000000,161.9000000,157.6200000,160.0900000,59694316
20100512,000000,159.4900000,166.7000000,158.7600000,166.0700000,70356252
20100513,000000,166.9900000,168.4000000,160.8900000,162.9000000,64735522
20100514,000000,161.2700000,162.8400000,158.6300000,159.8600000,50588094
20100517,000000,156.8800000,162.6700000,156.3500000,161.3800000,66817017
20100518,000000,162.1100000,164.1100000,160.0100000,163.2800000,56102053
20100519,000000,159.8000000,160.5700000,156.0000000,157.8100000,64919897
20100520,000000,157.7300000,160.0000000,150.1200000,151.0500000,79934916
20100521,000000,151.0500000,153.0300000,146.7500000,150.0000000,95733911
20100524,000000,151.9800000,152.9900000,147.3300000,151.0000000,58607267
20100525,000000,145.7700000,147.5900000,142.0900000,143.0000000,70253198
20100526,000000,145.7800000,159.2000000,144.6100000,158.4400000,118146806
20100527,000000,157.9900000,159.7200000,153.7700000,158.4600000,97977981
20100528,000000,159.1700000,159.7100000,154.7000000,157.8800000,72635953
20100531,000000,157.5100000,160.4000000,156.6100000,159.8400000,32960892
20100601,000000,158.1900000,160.3100000,154.3900000,159.2600000,66892664
20100602,000000,157.2100000,164.7000000,156.6100000,163.8000000,87316760
20100603,000000,166.4700000,168.1900000,164.6800000,164.9800000,74433310
20100604,000000,166.1000000,167.9100000,161.1000000,163.0000000,82878818
20100607,000000,158.1900000,161.4100000,157.5500000,160.5900000,60811369
20100608,000000,161.5000000,163.4700000,157.0100000,157.3700000,72999094
20100609,000000,159.0000000,160.6000000,157.5300000,158.2000000,53105224
20100610,000000,159.1500000,159.1900000,155.7500000,157.7900000,64457880
20100611,000000,158.7900000,158.8500000,154.9000000,156.4400000,41808418
20100615,000000,157.1900000,159.7800000,156.2800000,159.7100000,44398281
20100616,000000,161.0000000,161.2000000,157.3000000,158.8000000,47951057
20100617,000000,158.4500000,160.7900000,156.3900000,156.6000000,58676660
20100618,000000,157.1200000,159.4900000,156.1000000,159.4000000,49962438
20100621,000000,161.7600000,163.7300000,161.3400000,162.8800000,48132216
20100622,000000,161.2000000,162.1200000,158.7000000,159.4400000,42072405
20100623,000000,158.0100000,159.5800000,157.0300000,158.1100000,33095432
20100624,000000,159.0000000,159.3300000,154.2000000,154.7000000,45620364
20100625,000000,154.4100000,156.4000000,151.7500000,152.0000000,44315718
20100628,000000,153.0000000,155.8100000,152.2000000,154.0000000,34352316
20100629,000000,152.1300000,152.1300000,149.0000000,149.8500000,41694402
20100630,000000,149.9700000,151.2700000,147.0300000,149.1000000,43550045
20100701,000000,146.9800000,147.7700000,143.0400000,143.2000000,50024329
20100702,000000,144.8000000,148.2700000,144.0500000,148.2500000,41703480
20100705,000000,147.9500000,149.8500000,146.8500000,148.0500000,22976578
20100706,000000,149.4700000,152.7000000,148.9500000,152.3800000,35954278
20100707,000000,150.6600000,153.6800000,148.3500000,153.4700000,43947848
20100708,000000,154.7100000,155.1600000,151.7000000,151.9700000,42110722
20100709,000000,153.0300000,154.5100000,150.8800000,154.2000000,32115196
20100712,000000,153.6800000,157.6000000,152.7200000,156.1300000,41361096
20100713,000000,155.8000000,160.4400000,155.1000000,159.0300000,55370167
20100714,000000,160.2300000,160.8500000,157.0000000,158.1200000,38419687
20100715,000000,157.8900000,161.0900000,156.5900000,157.1000000,50880075
20100716,000000,157.5700000,159.1100000,155.1500000,155.1900000,40559607
20100719,000000,155.0900000,158.2700000,154.0900000,156.6900000,33708371
20100720,000000,157.6900000,158.7500000,154.2600000,155.4700000,35675136
20100721,000000,156.8600000,159.7400000,156.4000000,158.2500000,47566305
20100722,000000,157.2000000,162.4400000,157.0300000,162.3000000,49516607
20100723,000000,162.5000000,162.9400000,160.0200000,160.9000000,37691958
20100726,000000,162.4900000,162.8600000,161.0000000,162.1300000,28755306
20100727,000000,162.1000000,165.2400000,161.4700000,164.3000000,52766610
20100728,000000,164.8000000,165.4000000,161.6100000,161.7900000,38800634
20100729,000000,162.3200000,167.0000000,161.7300000,165.5000000,47328215
20100730,000000,164.5000000,165.0900000,160.1300000,162.8500000,48418713
20100802,000000,163.9900000,169.5100000,163.9900000,168.9900000,53399936
20100803,000000,169.4800000,169.5000000,165.0500000,165.9200000,45622801
20100804,000000,165.6500000,169.3500000,163.6600000,167.0400000,60207530
20100805,000000,167.5500000,169.2300000,165.5500000,166.9500000,53599329
20100806,000000,167.6100000,169.0000000,165.2600000,166.8800000,43944735
20100809,000000,167.7400000,170.6400000,167.7300000,169.6100000,51448076
20100810,000000,168.7800000,169.2900000,165.6000000,166.5300000,49678565
20100811,000000,165.1400000,165.5000000,162.0900000,162.3000000,42790737
20100812,000000,161.8500000,163.4800000,160.1500000,162.4300000,42780897
20100813,000000,163.4100000,163.8800000,160.2600000,161.2600000,35415215
20100816,000000,161.1900000,163.1800000,158.9100000,163.1800000,38312614
20100817,000000,163.3700000,164.7000000,162.7200000,164.2000000,35876721
20100818,000000,163.9000000,164.0000000,162.2300000,162.4000000,27432359
20100819,000000,163.5000000,165.1800000,160.0400000,160.1000000,43431594
20100820,000000,160.1000000,161.1700000,157.8100000,158.7300000,42170720
20100823,000000,159.2500000,159.9000000,157.1300000,159.1100000,32867393
20100824,000000,157.8200000,158.3700000,155.4600000,156.6000000,34765491
20100825,000000,156.6000000,158.3300000,154.7200000,155.6100000,36801051
20100826,000000,157.4200000,158.8700000,156.8000000,158.7000000,40709007
20100827,000000,157.9100000,159.1800000,156.5000000,158.5600000,36583836
20100830,000000,159.9500000,160.4400000,158.6300000,159.0000000,31734434
20100831,000000,157.5400000,159.2000000,155.9400000,159.1500000,37258355
20100901,000000,159.6000000,162.7700000,158.0700000,161.7900000,48730998
20100902,000000,161.7900000,163.5700000,161.5300000,162.8000000,42681209
20100903,000000,162.9900000,164.6500000,161.1300000,163.0000000,49384015
20100906,000000,164.1100000,164.9000000,162.8000000,162.9500000,29482822
20100907,000000,162.4500000,162.4500000,160.7700000,161.5400000,27619419
20100908,000000,160.8700000,164.2400000,160.7800000,164.1400000,42905640
20100909,000000,163.7000000,167.3900000,163.2100000,165.5300000,54572142
20100910,000000,165.3400000,166.3700000,163.8900000,164.4000000,33895923
20100913,000000,166.2400000,166.9100000,164.8000000,165.0000000,39889463
20100914,000000,164.5100000,164.7500000,162.4300000,163.0000000,47407661
20100915,000000,162.9500000,164.1300000,161.6200000,163.8700000,43898286
20100916,000000,163.0700000,163.7900000,162.5100000,163.1700000,29468668
20100917,000000,164.6000000,165.3000000,162.0100000,162.1800000,37763011
20100920,000000,162.4700000,163.4400000,161.9100000,163.1500000,27180422
20100921,000000,163.3700000,164.9400000,162.4300000,163.1400000,34188179
20100922,000000,162.9500000,163.4300000,160.7900000,160.8000000,41656544
20100923,000000,161.0900000,161.6500000,158.5700000,159.2200000,43737115
20100924,000000,158.7700000,158.7900000,157.3700000,157.9700000,48539248
20100927,000000,159.4700000,159.8100000,157.1000000,157.5000000,44995047
20100928,000000,157.0700000,157.7000000,155.7100000,156.8000000,41608656
20100929,000000,157.5000000,159.0900000,157.1300000,157.8500000,42492680
20100930,000000,157.8500000,160.2900000,157.8100000,160.0000000,54723017
20101001,000000,160.0000000,162.0100000,159.4700000,160.5400000,60923751
20101004,000000,161.4000000,163.1400000,160.5000000,161.9900000,61902787
20101005,000000,162.0000000,162.5300000,160.3100000,162.4400000,61546943
20101006,000000,163.5000000,164.4000000,162.0000000,163.0000000,67921495
20101007,000000,163.2700000,164.0000000,162.1500000,162.4900000,43529081
20101008,000000,162.2800000,163.3500000,161.3600000,163.3500000,43243330
20101011,000000,164.0100000,165.1500000,163.6500000,165.0000000,35204894
20101012,000000,163.4000000,163.8400000,162.5600000,163.0000000,44302117
20101013,000000,163.8600000,165.0300000,162.8400000,164.7400000,57311591
20101014,000000,165.5300000,165.7500000,161.6600000,162.3000000,56195281
20101015,000000,162.3500000,163.1200000,160.6300000,161.0000000,44072759
20101018,000000,160.2400000,163.6000000,159.7200000,163.4000000,51360780
20101019,000000,163.3900000,164.6700000,161.5200000,162.2700000,57126626
20101020,000000,161.4700000,162.8700000,160.5300000,161.9000000,39951196
20101021,000000,162.1100000,165.9800000,161.0600000,165.8000000,76097438
20101022,000000,165.3000000,169.7000000,164.5600000,168.4900000,80826770
20101025,000000,170.0100000,171.4000000,169.2100000,169.6200000,76302827
20101026,000000,169.5500000,169.9700000,167.3500000,168.4500000,50388722
20101027,000000,168.1500000,168.5000000,167.0000000,167.0200000,42794681
20101028,000000,167.7100000,169.5000000,166.5000000,167.1700000,46129940
20101029,000000,166.8200000,170.4700000,166.5600000,168.8900000,50896413
20101101,000000,169.9900000,171.4000000,169.4000000,169.8900000,46087533
20101102,000000,169.9300000,170.5000000,168.9500000,170.1600000,28573798
20101103,000000,170.2600000,171.0000000,169.5600000,170.1900000,33887892
20101108,000000,174.3800000,175.3500000,173.6000000,174.2000000,62888228
20101109,000000,174.0200000,177.4400000,174.0200000,176.1000000,70927999
20101110,000000,175.0400000,175.5100000,173.1000000,174.4700000,54807302
20101111,000000,175.3900000,175.7400000,172.3600000,172.6000000,42875766
20101112,000000,170.9900000,172.8000000,169.9000000,171.8800000,46123354
20101113,000000,171.1800000,171.9100000,170.6200000,171.6900000,13316997
20101115,000000,172.0000000,173.2000000,170.5700000,171.7900000,35088226
20101116,000000,170.8200000,170.8500000,168.4800000,169.5700000,37314860
20101117,000000,168.4500000,170.1900000,167.6600000,168.8100000,40258848
20101118,000000,169.5700000,170.7000000,169.2000000,170.7000000,33926359
20101119,000000,170.6900000,172.3000000,169.2300000,172.2000000,43812677
20101122,000000,172.9800000,174.0900000,169.5200000,169.7100000,56322495
20101123,000000,168.9700000,169.5000000,166.9000000,167.7000000,47873576
20101124,000000,168.2000000,170.5000000,165.6000000,170.3200000,65358337
20101125,000000,170.5000000,173.7800000,169.6000000,172.6000000,62109192
20101126,000000,171.8300000,175.1000000,171.7100000,174.4900000,76524288
20101129,000000,175.5000000,176.3700000,172.2000000,173.0300000,55407889
20101130,000000,173.6600000,175.0000000,172.2700000,174.2000000,46094132
20101201,000000,174.7000000,183.0000000,174.5500000,182.4900000,148081682
20101202,000000,184.0500000,189.7400000,182.7200000,189.2000000,170181764
20101203,000000,189.2000000,193.3000000,187.8500000,190.7000000,159431094
20101206,000000,191.1100000,194.5500000,191.1100000,194.3000000,94455773
20101207,000000,194.9900000,196.3000000,191.7500000,192.9500000,102870484
20101208,000000,191.3500000,193.6000000,189.7100000,190.9000000,72268870
20101209,000000,192.8500000,193.4900000,191.1000000,192.8300000,55623604
20101210,000000,192.8300000,194.1500000,191.3100000,192.8700000,49300524
20101213,000000,194.1000000,196.5000000,193.8000000,195.8000000,63397521
20101214,000000,195.0400000,197.7500000,194.0900000,197.2000000,62753629
20101215,000000,196.5600000,198.1500000,193.5000000,195.5600000,74594996
20101216,000000,194.6600000,195.2600000,192.6000000,193.4300000,51025469
20101217,000000,194.0000000,196.5000000,193.4300000,194.1100000,61446994
20101220,000000,193.8400000,194.9000000,192.8500000,194.0300000,32299486
20101221,000000,195.2500000,196.1100000,194.4900000,195.5200000,29012272
20101222,000000,196.2100000,197.8400000,195.9000000,197.0000000,42184311
20101223,000000,197.1100000,197.1700000,195.0700000,196.0100000,32028477
20101224,000000,196.3900000,196.5500000,194.5100000,195.3200000,16880249
20101227,000000,195.0800000,195.8000000,194.0900000,194.9000000,17073821
20101228,000000,195.1900000,195.3200000,194.1100000,194.4100000,17412509
20101229,000000,194.7100000,195.2000000,191.5200000,192.5000000,24168621
20101230,000000,192.5200000,193.9800000,191.7000000,193.5000000,20577619
20110111,000000,193.9200000,194.4000000,191.9800000,194.1500000,32734445
20110112,000000,194.9800000,200.9500000,194.3200000,200.6400000,69727226
20110113,000000,200.6500000,202.8500000,196.5100000,197.4000000,74213300
20110114,000000,196.8900000,198.8400000,194.1200000,195.9200000,67338242
20110117,000000,195.9900000,199.9500000,195.3500000,198.7000000,52545140
20110118,000000,199.0000000,201.3500000,196.5000000,198.8000000,78888491
20110119,000000,199.6400000,200.5500000,197.5500000,198.1200000,57791074
20110120,000000,196.5300000,196.6900000,193.2400000,194.2000000,65724818
20110121,000000,194.6800000,195.1800000,191.8100000,192.7100000,74665628
20110124,000000,193.5700000,193.6000000,187.2600000,189.0500000,70597589
20110125,000000,190.4200000,192.4400000,188.8800000,190.0000000,57640202
20110126,000000,190.8000000,197.5000000,190.7700000,197.1400000,89885588
20110127,000000,197.8800000,202.0000000,195.7300000,201.3000000,126860884
20110128,000000,200.5300000,202.2400000,199.0300000,199.7000000,77685896
20110131,000000,198.4800000,198.7000000,195.8300000,196.9800000,50887125
20110201,000000,198.4300000,205.0000000,197.8000000,204.9100000,87925574
20110202,000000,205.5000000,211.2400000,205.4000000,209.5100000,140814431
20110203,000000,210.4200000,212.9000000,206.3000000,207.0300000,90014503
20110204,000000,208.3000000,213.7500000,207.7000000,213.3000000,112591143
20110207,000000,213.9000000,215.2000000,210.7500000,213.6000000,67542008
20110208,000000,213.2000000,216.6500000,210.2800000,210.4000000,116194137
20110209,000000,211.5400000,215.4500000,209.6900000,215.1500000,86628289
20110210,000000,214.0300000,214.8700000,208.0100000,208.2200000,87342082
20110211,000000,208.3100000,210.3000000,205.2200000,208.5000000,80493458
20110214,000000,210.0100000,211.4800000,203.5000000,203.5100000,71882630
20110215,000000,203.7100000,205.2000000,199.3300000,199.5000000,84116617
20110216,000000,200.0200000,200.9000000,196.0700000,199.4000000,104428611
20110217,000000,200.5200000,201.1300000,195.2200000,195.4500000,68943114
20110218,000000,196.2800000,197.2700000,194.1200000,195.5000000,67867279
20110221,000000,196.2900000,199.3600000,194.8500000,198.9200000,54732567
20110222,000000,197.5000000,198.4500000,195.5200000,197.8000000,56384196
20110224,000000,199.8000000,209.3000000,199.2700000,208.0500000,147395444
20110225,000000,208.9000000,211.2500000,205.1100000,209.3000000,92056064
20110228,000000,210.2900000,212.7500000,207.2500000,210.7100000,67884559
20110301,000000,212.3700000,214.9000000,208.2500000,209.4800000,99433930
20110302,000000,208.3000000,212.1500000,207.8800000,212.0000000,65704160
20110303,000000,212.6200000,215.3000000,212.6000000,213.5400000,84652840
20110304,000000,214.2400000,214.8800000,212.1200000,212.9000000,49119910
20110305,000000,213.0800000,214.3900000,212.8000000,214.1200000,17906080
20110309,000000,214.3900000,216.1200000,212.0600000,214.7700000,56843450
20110310,000000,213.5500000,214.4400000,207.6700000,207.9500000,66812850
20110311,000000,205.9000000,209.8800000,204.0000000,209.1000000,77281830
20110314,000000,208.0900000,217.2800000,207.9100000,216.2500000,134332220
20110315,000000,212.9900000,217.6500000,210.2800000,217.5000000,159041750
20110316,000000,219.3400000,224.1500000,218.5200000,221.8100000,165679720
20110317,000000,221.6500000,225.8400000,221.4500000,224.9100000,109912800
20110318,000000,226.5300000,226.8900000,221.6500000,224.1000000,76465280
20110321,000000,225.0200000,226.1500000,221.7500000,222.3600000,54644880
20110322,000000,222.6700000,223.3500000,219.5300000,220.3200000,53503650
20110323,000000,219.6100000,223.7000000,219.2000000,223.5000000,61392750
20110324,000000,223.8900000,225.1000000,221.3500000,224.3000000,84739210
20110325,000000,224.8700000,225.1900000,222.3600000,222.8100000,54964450
20110328,000000,223.0100000,225.7200000,222.8900000,225.5000000,54259690
20110329,000000,225.9000000,226.1700000,222.5100000,224.0100000,59590940
20110330,000000,225.5100000,229.5000000,225.3700000,229.3200000,79777480
20110331,000000,229.3800000,230.4400000,228.3000000,229.0900000,70108740
20110401,000000,229.1000000,235.4000000,228.0600000,235.1000000,77619810
20110404,000000,235.9800000,240.7500000,235.1700000,237.7000000,101744410
20110405,000000,238.4600000,239.3000000,235.5500000,238.7200000,71036250
20110406,000000,239.0900000,241.9500000,237.0100000,239.4000000,70836160
20110407,000000,238.3000000,240.2300000,236.5400000,238.0000000,63420600
20110408,000000,239.6700000,243.7000000,239.1200000,243.2000000,75461620
20110411,000000,243.5100000,247.4700000,241.7700000,244.0000000,93008010
20110412,000000,240.7000000,241.4900000,234.4600000,235.5700000,101913150
20110413,000000,236.1700000,237.2900000,232.7700000,235.0700000,87416010
20110414,000000,234.6400000,234.6700000,226.9000000,228.8700000,80224520
20110415,000000,228.6300000,231.7800000,227.1400000,227.6000000,80757900
20110418,000000,227.7000000,228.9000000,217.0000000,218.9100000,90891410
20110419,000000,221.2200000,225.8000000,220.7000000,225.6900000,73437740
20110420,000000,227.4000000,231.2900000,227.0500000,230.5100000,73440720
20110421,000000,233.1100000,235.0000000,231.5900000,235.0000000,76105300
20110422,000000,235.3500000,237.2700000,235.0000000,236.8900000,27708770
20110425,000000,238.0300000,239.7700000,233.5500000,233.9000000,60932270
20110426,000000,232.7300000,235.2800000,228.7000000,232.1400000,69203150
20110427,000000,234.2500000,234.8500000,229.1000000,231.9000000,63618580
20110428,000000,235.0100000,235.6000000,229.6300000,231.9000000,63313250
20110429,000000,230.7400000,232.6900000,228.1500000,231.7800000,37402850
20110503,000000,231.0200000,232.0000000,220.8900000,221.6400000,64528250
20110504,000000,222.1000000,223.0000000,211.1200000,212.4400000,113979210
20110505,000000,213.6100000,215.4500000,205.1200000,208.8000000,109274770
20110506,000000,206.3200000,213.0500000,204.7000000,211.6800000,110261810
20110510,000000,210.6800000,215.6700000,210.1300000,214.0000000,72594000
20110511,000000,215.2700000,217.1900000,209.0200000,210.0000000,69701490
20110512,000000,208.2100000,208.4800000,201.2500000,203.1200000,87211980
20110513,000000,204.0100000,204.8700000,200.6200000,201.0800000,67509790
20110516,000000,199.2800000,202.0000000,196.3800000,198.4900000,80073440
20110517,000000,198.6100000,200.4900000,196.0000000,198.5000000,61193010
20110518,000000,200.9000000,203.0000000,199.0000000,202.8500000,59667360
20110519,000000,203.3000000,206.1600000,200.5700000,201.3600000,80181340
20110520,000000,202.0000000,203.8000000,195.6000000,196.9000000,74753650
20110523,000000,194.9900000,195.3700000,190.0500000,190.3000000,72338120
20110524,000000,191.3400000,195.9500000,191.3000000,195.5000000,64612870
20110525,000000,193.4400000,196.9900000,192.5000000,196.7700000,69555810
20110526,000000,198.1700000,199.2400000,194.2000000,195.0000000,77171420
20110527,000000,196.6900000,202.5000000,195.7700000,201.8200000,83415690
20110530,000000,201.8000000,204.4000000,201.4700000,203.8900000,32136910
20110531,000000,205.2200000,207.7500000,203.9500000,204.0200000,65101970
20110601,000000,205.4200000,206.6000000,203.1300000,203.4800000,62583320
20110602,000000,200.6700000,202.3000000,198.5600000,201.6800000,74500160
20110603,000000,201.4000000,203.0000000,195.1100000,196.5500000,82865600
20110606,000000,196.5000000,197.4100000,194.0700000,195.9700000,53736200
20110607,000000,195.5700000,204.9000000,195.1500000,204.6700000,91268730
20110608,000000,204.0000000,208.7500000,202.1000000,207.1100000,86341060
20110609,000000,207.6600000,212.4900000,206.1800000,211.9200000,90296030
20110610,000000,211.0000000,211.3800000,207.3000000,209.2100000,73626670
20110614,000000,210.6000000,211.2500000,207.3700000,208.2400000,48615700
20110615,000000,208.3700000,210.4900000,205.6000000,206.0000000,67304760
20110616,000000,203.5700000,205.4900000,201.6500000,204.6000000,70556820
20110617,000000,203.4900000,203.9500000,198.1800000,200.8000000,82459700
20110620,000000,199.2900000,200.7700000,197.8000000,199.0000000,47818710
20110621,000000,200.6700000,202.1900000,199.7800000,200.9500000,41605190
20110622,000000,201.5500000,202.8700000,198.5000000,202.5400000,56933770
20110623,000000,200.7600000,201.6700000,195.9000000,195.9500000,76354160
20110624,000000,200.0000000,201.3700000,198.4400000,199.2200000,74379840
20110627,000000,198.5100000,199.8400000,195.6000000,196.2900000,61111400
20110628,000000,197.4500000,199.0500000,195.8000000,199.0500000,63838180
20110629,000000,199.7700000,202.3900000,199.2500000,201.5100000,64539330
20110630,000000,202.2200000,204.5700000,201.6000000,203.8700000,52947800
20110701,000000,203.5600000,206.3100000,202.0800000,205.0000000,57651460
20110704,000000,205.9000000,205.9400000,204.0000000,205.2400000,29394920
20110705,000000,204.4400000,205.0200000,202.3500000,203.6000000,43552960
20110706,000000,204.1000000,204.4300000,201.2100000,201.5600000,42489750
20110707,000000,203.3000000,208.1600000,203.3000000,207.7000000,67508760
20110708,000000,207.1100000,208.7800000,203.7000000,205.4400000,65007130
20110711,000000,204.3000000,204.7500000,201.5100000,201.9400000,38177210
20110712,000000,200.6100000,202.2000000,198.0800000,201.5900000,57917900
20110713,000000,202.0600000,203.9800000,199.7400000,202.9500000,54208480
20110714,000000,201.7700000,203.0000000,200.0000000,201.0000000,52537400
20110715,000000,200.1900000,202.2000000,198.8800000,201.6000000,53930090
20110718,000000,201.3600000,202.3000000,197.7900000,197.9500000,41802170
20110719,000000,198.9700000,200.3000000,198.5400000,199.9000000,34411850
20110720,000000,201.1800000,202.1900000,200.2000000,200.3000000,38675090
20110721,000000,200.8200000,203.7700000,198.3000000,203.7000000,66030160
20110722,000000,204.3300000,204.9000000,202.0700000,202.7000000,48161410
20110725,000000,200.8900000,201.7500000,199.2500000,201.2100000,42976600
20110726,000000,201.2100000,202.7900000,200.3600000,201.4000000,40441560
20110727,000000,201.6000000,203.0400000,199.7700000,199.8800000,49690220
20110728,000000,199.6100000,202.3500000,199.1400000,202.1000000,41875560
20110729,000000,200.5100000,201.5400000,198.4000000,199.4400000,44882660
20110801,000000,202.5100000,204.6700000,201.5700000,202.0900000,55482910
20110802,000000,201.6000000,201.8000000,199.5300000,200.5100000,43999890
20110803,000000,198.8000000,198.9000000,192.4700000,193.0000000,75547030
20110804,000000,194.5500000,194.9900000,186.8600000,187.0000000,89305020
20110805,000000,180.1100000,184.9500000,176.6800000,181.8000000,146960560
20110808,000000,175.3100000,179.4500000,169.5000000,169.9000000,108643310
20110809,000000,162.8800000,169.9000000,154.0500000,166.7000000,185821920
20110810,000000,170.5000000,170.8400000,156.8400000,157.7000000,126407710
20110811,000000,161.5400000,165.5800000,153.1100000,164.9900000,163266030
20110812,000000,166.3900000,170.6500000,162.2100000,169.5000000,120148770
20110815,000000,171.6000000,174.8000000,170.8500000,174.4100000,64257400
20110816,000000,172.4700000,172.4900000,168.7300000,171.1000000,73596450
20110817,000000,171.6600000,176.4300000,169.4200000,175.5000000,65130520
20110818,000000,172.9400000,173.7900000,166.1000000,169.6500000,75157020
20110819,000000,166.2500000,170.5000000,161.5100000,169.5600000,107512170
20110822,000000,166.9000000,169.9000000,165.3900000,168.9500000,74827020
20110823,000000,170.3500000,171.2800000,167.3700000,169.1200000,67750770
20110824,000000,170.6400000,174.2900000,169.0000000,173.5000000,72353580
20110825,000000,173.7100000,175.4300000,170.1000000,170.7800000,65393810
20110826,000000,171.8000000,173.0000000,168.8500000,172.8000000,67854880
20110829,000000,174.8000000,178.0600000,174.3300000,177.7300000,46962280
20110830,000000,178.2500000,179.1500000,175.9200000,177.1800000,59189960
20110831,000000,178.2400000,179.4000000,176.2700000,178.0800000,63838170
20110901,000000,177.8900000,178.7900000,174.1700000,177.3500000,65931270
20110902,000000,175.1200000,176.3000000,170.6500000,171.0000000,61358900
20110905,000000,169.2500000,170.6700000,167.0800000,169.6100000,52690870
20110906,000000,167.9200000,171.5200000,167.4300000,167.9400000,61043810
20110907,000000,171.0300000,174.4500000,170.7100000,174.0100000,59394390
20110908,000000,174.3700000,175.9800000,172.5100000,175.0000000,53412290
20110909,000000,174.1100000,174.2000000,168.2900000,168.7900000,65408740
20110912,000000,166.1400000,166.8800000,162.3600000,165.5000000,69679240
20110913,000000,167.0400000,167.9000000,162.0200000,164.1100000,75898900
20110914,000000,163.0000000,167.7300000,162.1700000,165.8800000,61814400
20110915,000000,168.1600000,170.0500000,165.8000000,166.0000000,94583460
20110916,000000,167.7300000,167.9200000,163.3600000,164.5000000,53891620
20110919,000000,163.4000000,165.7400000,162.5000000,163.4000000,49897500
20110920,000000,163.2900000,166.8500000,163.2900000,166.2300000,51581660
20110921,000000,165.8000000,167.2500000,164.2200000,164.4500000,42107380
20110922,000000,161.5000000,161.6700000,152.3200000,152.6600000,104196030
20110923,000000,151.1000000,153.3300000,145.5000000,151.2500000,144283790
20110926,000000,148.7000000,156.6400000,146.3300000,154.5000000,97034010
20110927,000000,157.9700000,158.9500000,156.0000000,157.0000000,57169050
20110928,000000,155.4200000,156.2900000,153.8000000,155.0200000,63982310
20110929,000000,153.5800000,160.2000000,152.5500000,158.8100000,64167040
20110930,000000,158.1100000,158.7800000,151.8100000,155.9000000,83246500
20111003,000000,152.4400000,154.8300000,150.1800000,153.5200000,61703100
20111004,000000,151.9200000,155.1800000,142.3000000,144.5900000,94141260
20111005,000000,148.1100000,148.4000000,139.4000000,142.7100000,82530220
20111006,000000,144.8500000,151.4000000,144.6500000,150.2300000,86337190
20111007,000000,152.2300000,153.1400000,149.4500000,151.0000000,75451470
20111010,000000,151.9700000,154.9500000,149.1200000,154.2000000,57742480
20111011,000000,154.8800000,155.2000000,150.8200000,153.0000000,67553640
20111012,000000,152.5000000,161.7000000,152.2300000,161.2500000,88782510
20111013,000000,160.5600000,164.5200000,156.8000000,158.0700000,95771050
20111014,000000,159.5100000,163.8000000,158.2400000,162.8600000,78587590
20111017,000000,164.3200000,168.3600000,158.9600000,160.3700000,100347870
20111018,000000,158.3200000,163.7900000,157.0900000,161.9000000,80512700
20111019,000000,163.0100000,164.7400000,160.0800000,163.1800000,77579760
20111020,000000,160.8400000,164.5000000,159.8500000,162.6000000,58300150
20111021,000000,163.3000000,166.2000000,161.2200000,166.0100000,49821360
20111024,000000,167.0700000,170.4500000,166.0800000,170.0000000,61705500
20111025,000000,169.7000000,171.0100000,166.2100000,168.3800000,69453930
20111026,000000,167.7000000,179.5000000,167.3600000,177.1000000,130669010
20111027,000000,181.0300000,187.3900000,181.0000000,185.8000000,128481900
20111028,000000,187.2000000,190.2400000,182.6500000,185.0000000,96701430
20111031,000000,183.1000000,184.1000000,178.8100000,179.2000000,60452330
20111101,000000,176.9000000,178.3000000,170.3000000,174.8000000,105496800
20111102,000000,175.9000000,183.8700000,175.4300000,182.5900000,130278830
20111103,000000,180.3500000,185.4300000,175.4000000,183.2300000,127800790
20111107,000000,184.0500000,188.0500000,179.3500000,183.4700000,80700750
20111108,000000,183.6000000,185.7800000,182.5800000,183.2500000,68997000
20111109,000000,184.8900000,185.5500000,178.3000000,180.9600000,100982510
20111110,000000,178.4000000,184.9600000,177.0200000,183.1100000,83675980
20111111,000000,184.5500000,184.6000000,179.7000000,183.5000000,57069150
20111114,000000,184.9500000,186.4500000,182.3500000,182.7000000,56409350
20111115,000000,182.7000000,186.5000000,180.8400000,185.9900000,92657800
20111116,000000,184.4200000,189.7200000,182.9100000,187.7000000,91764830
20111117,000000,187.2000000,188.8700000,181.7600000,184.0000000,96251200
20111118,000000,181.0000000,182.3900000,179.9300000,180.0100000,57084100
20111121,000000,177.9700000,178.1900000,168.9200000,169.7500000,80749970
20111122,000000,170.0500000,173.7800000,167.8100000,169.0000000,72536120
20111123,000000,167.0000000,171.9500000,165.8800000,167.7000000,85377260
20111124,000000,167.3400000,169.6800000,165.6600000,166.0000000,40949750
20111125,000000,165.3300000,166.6900000,161.8400000,166.2800000,62828020
20111128,000000,168.0800000,172.0300000,167.8000000,171.9800000,61304450
20111129,000000,172.9800000,173.9900000,170.2200000,170.8900000,54921520
20111130,000000,170.3000000,175.8700000,168.4000000,174.9000000,85534780
20111201,000000,176.1100000,184.4000000,175.0100000,181.4900000,136487040
20111202,000000,183.0000000,186.6900000,180.0700000,183.5200000,114150040
20111205,000000,183.8500000,185.4500000,182.0600000,184.6000000,44441980
20111206,000000,183.0000000,184.4500000,174.4300000,175.5700000,106387430
20111207,000000,176.4900000,177.0900000,172.4100000,174.7000000,101030530
20111208,000000,175.9900000,179.9200000,175.5800000,177.2000000,87397230
20111209,000000,173.9900000,173.9900000,170.0000000,170.4500000,90744780
20111212,000000,172.5000000,173.5000000,163.8000000,164.4200000,80724270
20111213,000000,163.9300000,168.1500000,160.1000000,166.8600000,92801500
20111214,000000,165.6600000,170.4600000,164.1200000,164.9000000,81369690
20111215,000000,162.5100000,172.1800000,161.8600000,170.9700000,100626080
20111216,000000,172.0900000,173.4100000,169.0700000,169.5100000,63872090
20111219,000000,168.3700000,168.3800000,165.5600000,166.3000000,53501640
20111220,000000,165.8500000,172.9700000,163.5500000,172.5500000,74513120
20111221,000000,173.4800000,173.9500000,169.0000000,169.7800000,73895200
20111222,000000,169.8900000,171.8900000,168.3100000,170.8200000,46503050
20111223,000000,171.5200000,172.5000000,169.2700000,169.7100000,34963200
20111226,000000,170.5900000,171.6800000,169.5000000,171.5300000,19969730
20111227,000000,171.4000000,171.6900000,168.8900000,170.7500000,21486710
20111228,000000,170.1200000,171.4900000,169.1500000,169.4700000,23370920
20111229,000000,168.7700000,170.7700000,165.3400000,170.6000000,37801180
20111230,000000,170.9000000,172.1300000,169.0600000,171.3600000,24601610
20120103,000000,172.5300000,177.6000000,172.2200000,177.5000000,24847160
20120104,000000,177.5500000,178.1000000,175.0000000,176.9100000,25240160
20120105,000000,177.0100000,179.3700000,175.4000000,177.2000000,36916460
20120106,000000,177.0000000,178.7200000,176.1100000,176.2000000,21350190
20120109,000000,175.9500000,177.5700000,174.3300000,177.2700000,25066970
20120110,000000,177.9200000,179.9900000,177.5100000,179.6100000,43932230
20120111,000000,178.8600000,179.4000000,176.3800000,178.1000000,46132590
20120112,000000,178.4800000,180.8200000,177.0400000,177.7400000,55222270
20120113,000000,178.3000000,179.6000000,177.2800000,178.8400000,41619000
20120116,000000,177.4500000,178.8300000,175.8500000,178.5000000,30826390
20120117,000000,179.6700000,182.2800000,179.1700000,181.8000000,52633950
20120118,000000,181.3200000,183.2000000,180.0000000,182.9000000,45348620
20120119,000000,183.8500000,186.2900000,182.8200000,185.5000000,64519060
20120120,000000,186.0500000,186.6800000,183.0500000,183.4800000,47926660
20120123,000000,183.4000000,184.8300000,180.7700000,184.3400000,47075910
20120124,000000,183.7000000,184.5000000,181.9700000,183.2800000,37620360
20120125,000000,184.4000000,186.2500000,184.2500000,185.7000000,37697120
20120126,000000,186.9700000,187.4300000,184.1400000,185.2500000,54812550
20120127,000000,184.5000000,185.8000000,182.3000000,182.5000000,40199360
20120130,000000,181.6300000,183.5800000,181.0300000,181.7500000,37307980
20120131,000000,183.0000000,184.4700000,181.9000000,183.8000000,39601460
20120201,000000,183.0000000,186.7500000,182.6000000,185.5400000,44102020
20120202,000000,186.3000000,187.4500000,185.5000000,187.3500000,50719260
20120203,000000,187.0000000,189.9000000,186.0400000,189.7000000,47833720
20120206,000000,189.9000000,191.1100000,188.5000000,189.8000000,39955930
20120207,000000,190.1700000,191.0900000,187.8500000,188.2000000,39757800
20120208,000000,189.3300000,190.9000000,188.3000000,188.7700000,42479550
20120209,000000,189.2000000,190.2400000,187.2100000,188.7900000,46650250
20120210,000000,187.9100000,189.3700000,186.8500000,188.1600000,40215910
20120213,000000,189.2000000,192.2000000,189.0200000,192.0000000,42828420
20120214,000000,191.6400000,193.3500000,190.5700000,191.5100000,44470850
20120215,000000,192.9900000,193.6900000,191.2000000,191.7000000,40584070
20120216,000000,190.1400000,190.3800000,188.0300000,190.0000000,45687090
20120217,000000,191.9000000,192.2700000,189.1000000,189.7000000,32727910
20120220,000000,191.0700000,191.6000000,190.5000000,191.0000000,20540730
20120221,000000,190.9800000,191.1200000,188.3300000,188.8000000,30160340
20120222,000000,189.3000000,190.7900000,186.7300000,187.0000000,36121140
20120224,000000,188.6400000,194.4000000,187.6100000,193.8500000,60770690
20120227,000000,193.0700000,196.0000000,192.7600000,193.1000000,51197300
20120228,000000,194.3000000,194.5000000,190.7000000,191.3700000,42951510
20120229,000000,192.4000000,194.4900000,192.1100000,194.0900000,42613830
20120301,000000,192.6500000,194.2700000,191.7600000,194.0100000,31445480
20120302,000000,194.7400000,195.8900000,193.2400000,195.8500000,39963460
20120305,000000,195.8900000,199.8900000,195.8300000,199.8200000,46873560
20120306,000000,198.6700000,198.9000000,192.1200000,193.0000000,56027960
20120307,000000,192.2500000,194.9600000,191.0000000,194.0000000,40570180
20120311,000000,196.5700000,197.8800000,196.1100000,197.5300000,14143440
20120312,000000,196.7700000,199.1300000,195.6900000,197.3900000,39391380
20120313,000000,198.3000000,198.8000000,196.8100000,197.2500000,34305460
20120314,000000,199.5500000,199.8900000,198.0300000,198.5300000,43972420
20120315,000000,197.9900000,200.8000000,196.7000000,199.2000000,61484610
20120316,000000,199.3000000,199.3000000,196.7300000,197.0100000,26496520
20120319,000000,197.8600000,198.5900000,190.6000000,190.7700000,58814290
20120320,000000,191.4000000,192.2600000,185.3800000,186.0000000,61640200
20120321,000000,186.5000000,188.1900000,183.4600000,185.2600000,62117530
20120322,000000,185.0500000,186.6600000,180.9000000,181.4600000,58304660
20120323,000000,182.0000000,183.2000000,179.4200000,182.2800000,43926470
20120326,000000,183.2000000,185.9500000,181.4200000,184.7600000,43439150
20120327,000000,185.7500000,186.1400000,182.5200000,182.7500000,38639520
20120328,000000,182.0000000,182.6400000,179.5100000,180.0000000,46981190
20120329,000000,179.7700000,180.8800000,176.3300000,177.0500000,51188760
20120330,000000,179.3500000,182.1800000,179.2000000,181.3000000,62853050
20120402,000000,182.2000000,184.0000000,180.3700000,181.8900000,42843540
20120403,000000,183.0000000,185.8000000,182.6000000,185.2000000,45883310
20120404,000000,183.2700000,184.5000000,180.5000000,181.2300000,48314190
20120405,000000,181.7500000,182.4800000,178.3200000,182.1800000,50604210
20120406,000000,182.5400000,182.9500000,177.8000000,178.0700000,30834140
20120409,000000,178.0500000,179.8700000,176.2100000,179.8700000,32726460
20120410,000000,179.7200000,180.3500000,176.3100000,176.4200000,49246560
20120411,000000,175.5000000,177.7200000,174.5000000,176.0100000,53963650
20120412,000000,176.6700000,177.1500000,173.5700000,175.7400000,65924150
20120413,000000,176.6000000,179.0500000,176.1200000,177.9700000,69545180
20120416,000000,177.0000000,178.6200000,174.3100000,174.3100000,51840650
20120417,000000,174.7100000,175.4900000,169.0600000,170.9000000,88890640
20120418,000000,172.2500000,172.3000000,169.0200000,169.3900000,52529150
20120419,000000,169.5700000,172.8000000,169.1600000,171.1500000,61677190
20120420,000000,170.8800000,171.3500000,169.6600000,170.9300000,41137410
20120423,000000,171.3000000,171.3400000,165.8600000,166.4800000,54144600
20120424,000000,167.2300000,167.4700000,163.3900000,163.8900000,59659520
20120425,000000,164.9400000,166.1900000,164.2100000,165.0800000,40197470
20120426,000000,165.5000000,166.5500000,163.8000000,164.0100000,42672750
20120427,000000,164.0900000,169.2900000,163.5000000,168.6900000,59339580
20120428,000000,168.5900000,169.5000000,168.3000000,169.2700000,11421800
20120502,000000,170.4800000,171.8500000,167.0700000,167.5000000,50851590
20120503,000000,167.6000000,170.2400000,166.7500000,169.2500000,38587240
20120504,000000,168.4500000,169.0000000,162.1000000,162.7500000,62454150
20120505,000000,162.3000000,164.5000000,161.1100000,164.0000000,15766100
20120507,000000,161.4900000,166.2500000,160.3100000,165.7300000,24546050
20120508,000000,165.9900000,167.0800000,164.0700000,165.0000000,24514300
20120510,000000,165.0000000,167.0700000,163.2000000,165.0000000,66321140
20120511,000000,159.3200000,159.4600000,156.2200000,158.1500000,57215720
20120512,000000,157.7700000,158.6400000,156.7100000,158.0200000,10550590
20120514,000000,157.9200000,158.0000000,149.0200000,149.5100000,61885220
20120515,000000,149.9000000,150.8000000,145.3100000,148.5300000,88772080
20120516,000000,146.0700000,148.7100000,145.2100000,146.0200000,60087650
20120517,000000,146.7900000,146.9800000,140.8000000,142.7000000,80393860
20120518,000000,140.0000000,142.7500000,137.0700000,139.5800000,84727770
20120521,000000,139.0000000,142.6500000,138.1600000,142.0000000,53655260
20120522,000000,143.2200000,144.5600000,142.3900000,143.4100000,55137800
20120523,000000,141.4000000,142.6200000,138.1200000,138.6900000,57083240
20120524,000000,140.1200000,142.3500000,136.5400000,142.1600000,56174530
20120525,000000,141.5000000,144.3000000,140.8000000,143.0000000,46042930
20120528,000000,144.4400000,146.3500000,143.6100000,144.2200000,33805550
20120529,000000,145.0100000,149.2800000,145.0100000,148.5000000,51606570
20120530,000000,147.7000000,150.5100000,146.8200000,148.1100000,67529800
20120531,000000,148.3100000,150.2000000,146.7500000,147.0300000,63943740
20120601,000000,147.0100000,148.9200000,144.4100000,148.6500000,70830110
20120604,000000,146.7500000,152.3000000,146.4500000,151.5000000,49975870
20120605,000000,152.5900000,153.2000000,149.8000000,150.4700000,36883720
20120606,000000,151.3900000,151.7900000,148.5000000,150.1500000,52434510
20120607,000000,151.3300000,153.1000000,149.0800000,151.7500000,53390070
20120608,000000,150.1700000,151.7600000,149.5200000,151.5000000,31184310
20120609,000000,152.2200000,152.7700000,151.4000000,152.1400000,7839580
20120613,000000,152.0300000,154.5400000,151.1200000,152.3000000,42377860
20120614,000000,151.9100000,152.3400000,150.7000000,152.1900000,28967420
20120615,000000,152.5800000,156.9400000,152.3100000,156.2000000,67485940
20120618,000000,158.0300000,158.4900000,156.1500000,157.7000000,39400150
20120619,000000,157.3100000,158.9600000,157.0600000,158.9000000,34880420
20120620,000000,158.8000000,159.1400000,157.2100000,157.7200000,30770690
20120621,000000,156.9100000,158.1900000,155.4500000,156.1700000,36999140
20120622,000000,154.4700000,155.9400000,153.5600000,154.9000000,35143440
20120625,000000,154.7800000,154.9800000,151.1000000,151.1200000,28526910
20120626,000000,151.5500000,152.6800000,150.5000000,151.3000000,27475350
20120627,000000,151.8900000,153.9700000,150.2000000,153.9000000,33227360
20120628,000000,154.0800000,154.5000000,150.3500000,150.6500000,34912800
20120629,000000,153.0000000,154.3600000,152.5100000,153.7600000,41662940
20120702,000000,153.8200000,155.8600000,153.0500000,155.2500000,30523510
20120703,000000,155.8500000,159.8300000,155.5700000,158.8600000,45777830
20120704,000000,158.9000000,159.6600000,157.6000000,159.0500000,23232190
20120705,000000,158.8000000,160.7800000,156.9000000,157.3300000,49344610
20120706,000000,156.9800000,157.4300000,155.0100000,155.4100000,29837740
20120709,000000,155.4100000,156.4600000,153.8100000,154.4100000,26236380
20120710,000000,154.0100000,156.7000000,152.7700000,155.6000000,31636390
20120711,000000,154.7700000,154.8000000,152.5400000,153.9000000,25262760
20120712,000000,153.4200000,153.6000000,151.0000000,152.5600000,29005950
20120713,000000,153.1500000,154.0000000,152.2000000,153.3300000,25632110
20120716,000000,153.2000000,154.8500000,153.0000000,153.8000000,25427370
20120717,000000,154.3000000,157.0000000,154.3000000,155.1900000,35581700
20120718,000000,155.8600000,156.5000000,154.2300000,154.8000000,25156350
20120719,000000,155.6800000,157.5800000,155.2500000,156.5200000,34679570
20120720,000000,156.2900000,156.2900000,153.0000000,153.0100000,24418280
20120723,000000,151.9900000,152.2500000,148.1000000,148.3700000,42670480
20120724,000000,149.3500000,149.7500000,145.7000000,145.8000000,36050570
20120725,000000,144.9400000,148.2900000,144.2300000,145.9900000,37204570
20120726,000000,146.5000000,148.9500000,145.2600000,148.5000000,32226180
20120727,000000,149.2600000,152.4600000,148.1200000,152.3500000,40937450
20120730,000000,153.4000000,154.9900000,153.3800000,154.7500000,33865900
20120731,000000,154.8500000,155.0900000,150.1000000,150.7500000,40548020
20120801,000000,150.1200000,151.7900000,149.1700000,149.9900000,29329820
20120802,000000,149.5800000,152.0000000,147.5500000,148.2000000,47334250
20120803,000000,148.0000000,151.2000000,147.6300000,151.1000000,37777430
20120806,000000,151.5000000,155.3300000,150.7900000,154.7200000,37933350
20120807,000000,154.7200000,156.9900000,153.7500000,156.4200000,37894410
20120808,000000,155.7600000,156.0000000,154.3000000,155.5700000,26126050
20120809,000000,155.8200000,156.5000000,153.2100000,155.0400000,34724360
20120810,000000,154.4200000,155.0000000,152.5400000,153.8500000,29127480
20120813,000000,154.0400000,156.6600000,153.7900000,155.2000000,28528200
20120814,000000,155.5000000,157.1100000,155.1600000,156.9900000,24274940
20120815,000000,156.3100000,156.3100000,153.5400000,154.6000000,27134430
20120816,000000,155.4000000,156.8500000,155.0600000,156.8300000,28373870
20120817,000000,157.5600000,157.9900000,156.7000000,156.8300000,22478010
20120820,000000,157.0100000,157.1900000,153.7000000,154.1100000,25768500
20120821,000000,154.6400000,157.4100000,154.6400000,156.9700000,26372520
20120822,000000,155.5700000,156.8400000,155.0100000,156.8400000,19322210
20120823,000000,157.6000000,159.3000000,156.5700000,157.1000000,38649510
20120824,000000,156.2600000,157.6700000,155.6500000,156.8100000,24468730
20120827,000000,157.3900000,157.7500000,155.9000000,156.2600000,17133280
20120828,000000,156.0000000,157.1900000,155.2400000,156.5000000,26223420
20120829,000000,156.6600000,157.7700000,155.2500000,156.0000000,35028820
20120830,000000,155.6000000,156.3700000,154.6700000,155.0700000,24290630
20120831,000000,155.0300000,157.5000000,154.5700000,157.4000000,30892480
20120903,000000,157.2000000,158.8800000,156.6200000,158.1200000,23217020
20120904,000000,158.4300000,158.6300000,157.4700000,158.0600000,20325880
20120905,000000,157.1700000,157.4500000,155.0000000,155.0500000,41137950
20120906,000000,155.0600000,159.4000000,155.0600000,158.9000000,37096830
20120907,000000,159.2000000,163.8500000,159.0500000,163.2400000,64673990
20120910,000000,162.9000000,164.2900000,162.2200000,164.2100000,29602950
20120911,000000,162.9000000,164.2800000,162.6900000,163.4000000,23509760
20120912,000000,164.1000000,164.7700000,163.0400000,163.2100000,32925800
20120913,000000,163.2000000,163.5000000,161.8700000,162.9900000,28785170
20120914,000000,166.9200000,171.0400000,166.5100000,169.5200000,89425010
20120917,000000,169.4000000,170.6000000,168.5000000,169.2600000,52085840
20120918,000000,168.5000000,168.9900000,167.5000000,167.7600000,34145780
20120919,000000,168.2800000,169.4600000,164.0000000,164.7500000,50205100
20120920,000000,163.5000000,164.9500000,162.0000000,164.8500000,38307250
20120921,000000,165.5400000,165.8700000,162.9500000,163.8000000,33405310
20120924,000000,163.2200000,163.3500000,161.0300000,161.9700000,28601300
20120925,000000,162.8900000,163.1900000,160.5600000,160.8700000,28237750
20120926,000000,160.0000000,160.2800000,156.8700000,157.0000000,35401810
20120927,000000,158.1800000,159.1900000,156.3100000,157.4900000,31478540
20120928,000000,158.9600000,159.1800000,156.5200000,157.7500000,23986630
20121001,000000,157.1700000,161.0000000,156.7300000,160.9000000,30327240
20121002,000000,160.4000000,160.4000000,158.7700000,159.3000000,29739610
20121003,000000,158.5500000,159.7400000,157.5700000,158.1400000,27751810
20121004,000000,158.8800000,158.8900000,155.2000000,156.4100000,33457260
20121005,000000,157.5000000,160.5000000,157.1100000,159.0700000,33181280
20121008,000000,158.1000000,159.3500000,157.1000000,158.9000000,26772470
20121009,000000,159.5000000,159.9200000,157.1500000,157.1500000,37514820
20121010,000000,156.7000000,157.0700000,154.9500000,155.3000000,34351090
20121011,000000,154.8000000,156.1200000,154.2500000,154.2500000,34197520
20121012,000000,154.4700000,154.5900000,151.2700000,152.3600000,34277820
20121015,000000,152.0000000,153.3500000,151.3100000,152.2200000,20719800
20121016,000000,153.5000000,154.0000000,152.3800000,153.9800000,30686780
20121017,000000,154.1500000,157.1000000,153.7700000,156.1400000,43693190
20121018,000000,156.3000000,157.5100000,154.3000000,155.0000000,35080730
20121019,000000,154.8500000,155.1300000,153.3300000,154.6800000,25352510
20121022,000000,153.8700000,156.8500000,153.4400000,156.5300000,27048280
20121023,000000,156.3000000,156.5300000,152.8200000,153.6700000,32546080
20121024,000000,153.7500000,154.3000000,150.7400000,152.6600000,36133160
20121025,000000,152.7800000,154.2300000,152.1300000,152.7800000,24928680
20121026,000000,151.6000000,151.9000000,150.1100000,151.5600000,28055970
20121029,000000,151.0900000,151.7600000,150.2300000,150.8500000,14515460
20121030,000000,150.3300000,151.6000000,146.9100000,147.0600000,45663650
20121031,000000,147.0700000,148.2000000,144.5200000,144.9000000,45879980
20121101,000000,144.8700000,145.6900000,141.8300000,144.3000000,44843050
20121102,000000,144.6000000,147.3100000,144.3500000,146.0300000,35689340
20121106,000000,146.0100000,146.6100000,144.6800000,146.0000000,21466000
20121107,000000,146.5400000,147.8100000,143.4500000,143.7000000,31715450
20121108,000000,142.2000000,144.3500000,141.5200000,143.1500000,37329090
20121109,000000,142.7100000,145.8900000,142.5100000,145.6000000,32767570
20121112,000000,146.0200000,146.4500000,144.3000000,144.8800000,22195220
20121113,000000,144.0000000,144.3500000,139.1700000,139.8000000,47859800
20121114,000000,140.0100000,140.5000000,138.0000000,139.3500000,45972270
20121115,000000,138.3500000,142.2000000,138.1100000,141.7300000,35037820
20121116,000000,141.2100000,141.2400000,139.6200000,140.2000000,27437070
20121119,000000,140.6500000,142.2100000,140.4500000,142.0000000,22780830
20121120,000000,142.5000000,142.8100000,140.0600000,141.2500000,19670390
20121121,000000,140.7600000,143.6000000,139.2100000,142.8000000,33109290
20121122,000000,143.0200000,143.4800000,142.0300000,142.1100000,19679330
20121123,000000,142.1100000,142.7400000,140.9700000,141.6300000,29289690
20121126,000000,141.9000000,142.2900000,140.1200000,140.3300000,21940740
20121127,000000,140.8000000,141.2300000,138.0200000,138.3000000,34902250
20121128,000000,137.8700000,138.7500000,136.5000000,137.2600000,42167920
20121129,000000,138.4900000,138.9100000,136.7200000,137.2900000,28855870
20121130,000000,137.5000000,139.3800000,136.5000000,138.6700000,46758000
20121203,000000,139.4000000,141.1500000,138.4300000,140.8800000,36112070
20121204,000000,139.8000000,141.2500000,139.2300000,139.4000000,25927810
20121205,000000,140.1900000,142.9900000,140.1400000,140.6700000,44337850
20121206,000000,140.4500000,141.1600000,138.6000000,139.5300000,36300120
20121207,000000,139.8900000,140.1700000,138.3300000,139.5000000,25899000
20121210,000000,139.9800000,140.9400000,139.4500000,140.2900000,23456770
20121211,000000,140.3300000,140.8900000,139.2700000,139.5300000,30034400
20121212,000000,140.2000000,141.6000000,139.8800000,140.9400000,39987000
20121213,000000,140.9100000,141.0900000,139.0500000,139.4800000,33142430
20121214,000000,139.3500000,140.0100000,139.0300000,139.4100000,26919300
20121217,000000,139.6500000,140.0000000,138.5100000,139.7300000,38005690
20121218,000000,140.4700000,141.4500000,140.0500000,140.3400000,37052990
20121219,000000,141.0000000,142.2900000,140.0800000,140.1600000,36175280
20121220,000000,139.4700000,142.7700000,138.8800000,142.7500000,52631210
20121221,000000,141.5000000,144.5000000,141.2400000,144.3500000,54736690
20121224,000000,144.4100000,145.8200000,144.3800000,144.6500000,32439520
20121225,000000,145.0000000,145.3000000,144.0000000,144.7600000,13382570
20121226,000000,145.0000000,145.2000000,144.5000000,145.0600000,11145690
20121227,000000,144.8000000,145.3800000,144.4500000,144.9500000,17132780
20121228,000000,144.8000000,145.0000000,143.6800000,143.7000000,22201360
20130108,000000,146.2000000,147.9600000,145.6400000,147.9000000,25194460
20130109,000000,147.2700000,149.0500000,147.1500000,148.9100000,29495030
20130110,000000,149.0000000,149.5100000,147.3000000,147.6000000,22687230
20130111,000000,147.7000000,148.6900000,147.4000000,147.9700000,19645680
20130114,000000,148.5500000,149.8500000,148.2000000,149.6000000,28624470
20130115,000000,149.3200000,149.6000000,147.7100000,147.7300000,25909670
20130116,000000,147.6700000,148.4000000,146.0300000,146.4200000,31561980
20130117,000000,146.5000000,148.2300000,146.3700000,147.7000000,31752360
20130118,000000,148.4000000,149.2300000,148.1300000,148.4200000,27574060
20130121,000000,148.4100000,148.7000000,146.6400000,147.7400000,19778150
20130122,000000,147.9000000,148.1400000,145.4100000,145.8400000,28664340
20130123,000000,146.2500000,146.9400000,145.6000000,146.6700000,23636620
20130124,000000,146.4000000,146.6300000,144.8500000,146.1400000,23624260
20130125,000000,146.1400000,146.7800000,145.0600000,146.4000000,22435850
20130128,000000,146.8700000,147.9900000,146.1700000,147.2200000,29065400
20130129,000000,147.2000000,147.2000000,145.7000000,145.9100000,27541450
20130130,000000,146.5500000,147.1700000,143.1500000,143.8500000,38964310
20130131,000000,143.6400000,143.6700000,141.2700000,142.0900000,37656240
20130201,000000,142.4400000,143.4700000,141.8700000,142.2800000,27053180
20130204,000000,142.8000000,143.1900000,140.6200000,141.4700000,23272680
20130205,000000,141.1000000,141.6600000,140.2100000,141.3700000,21516420
20130206,000000,142.0000000,142.1900000,139.4500000,139.9100000,37600200
20130207,000000,140.2300000,140.2700000,138.5200000,138.9100000,27209820
20130208,000000,139.3000000,139.3400000,136.8000000,137.6800000,44541100
20130211,000000,137.8000000,137.9500000,135.0500000,135.2900000,37869130
20130212,000000,135.0200000,135.0800000,133.1500000,133.3000000,46262900
20130213,000000,133.9500000,137.8400000,133.4200000,137.1500000,81475180
20130214,000000,137.2000000,138.2000000,133.5500000,134.2000000,54783730
20130215,000000,134.2000000,134.5700000,131.7200000,133.9900000,38229780
20130218,000000,134.0000000,136.2000000,133.3000000,135.9000000,36644590
20130219,000000,136.0000000,137.8600000,135.7300000,137.5500000,42774610
20130220,000000,137.9800000,137.9800000,136.5200000,137.0600000,34031250
20130221,000000,135.7600000,136.2000000,134.6100000,136.0000000,35621840
20130222,000000,136.3200000,137.1300000,136.0000000,136.8100000,23939270
20130225,000000,137.0500000,138.4700000,136.5500000,138.0300000,26757390
20130226,000000,136.5000000,137.1900000,135.5000000,136.5000000,23406630
20130227,000000,136.9000000,138.5200000,136.3300000,137.6000000,37454170
20130228,000000,138.3600000,138.4000000,136.5200000,137.4000000,30400410
20130301,000000,136.7400000,136.9400000,133.9800000,134.7500000,40674820
20130304,000000,134.2200000,135.3800000,132.6500000,133.0300000,52298330
20130305,000000,133.5300000,136.4600000,132.5400000,136.4500000,47943220
20130306,000000,136.5000000,137.3200000,134.7200000,134.8500000,35293070
20130307,000000,134.9700000,135.7500000,133.3700000,133.7300000,27301820
20130311,000000,135.0200000,136.9500000,134.8600000,136.6000000,43251580
20130312,000000,136.8000000,137.4400000,135.8600000,137.2500000,31665110
20130313,000000,136.9000000,141.7900000,136.6000000,140.5600000,83301120
20130314,000000,140.5000000,142.5000000,140.0000000,142.0800000,65147620
20130315,000000,142.8100000,144.8200000,142.5800000,144.5000000,95451050
20130318,000000,142.9700000,144.3700000,140.8500000,144.2800000,66361820
20130319,000000,144.4000000,145.9500000,142.0500000,142.3400000,46702040
20130320,000000,141.8700000,142.5000000,140.6600000,142.0900000,40692710
20130321,000000,142.6200000,143.8800000,142.0000000,142.3200000,36385070
20130322,000000,142.0500000,142.2500000,140.0000000,140.1800000,29735430
20130325,000000,140.9100000,142.3500000,138.3000000,138.6000000,35709610
20130326,000000,138.9600000,139.4800000,136.5000000,136.5800000,37803470
20130327,000000,137.4100000,137.6400000,134.0400000,136.3600000,39780390
20130328,000000,135.4200000,135.6600000,131.9800000,133.1700000,76130710
20130329,000000,133.8300000,134.1600000,133.1100000,134.0800000,16481190
20130401,000000,133.8800000,134.4800000,132.6300000,132.8500000,16448900
20130402,000000,133.0100000,133.4400000,130.8100000,130.8100000,42156920
20130403,000000,130.9500000,131.7000000,129.8700000,130.3800000,47230250
20130404,000000,129.2900000,132.8800000,128.7700000,131.2900000,57385380
20130405,000000,131.0100000,131.8500000,129.7600000,130.5000000,44789420
20130408,000000,131.0700000,132.1600000,128.9200000,129.0100000,30762330
20130409,000000,129.9900000,131.2000000,129.1600000,130.4200000,31426320
20130410,000000,131.1300000,131.8500000,128.7300000,129.5300000,37517140
20130411,000000,130.0000000,130.0000000,125.5500000,126.0800000,58950010
20130412,000000,125.9900000,127.4300000,125.1100000,126.7000000,50432840
20130415,000000,125.9800000,126.7000000,123.5200000,125.9500000,65951080
20130416,000000,124.8900000,126.6600000,124.1000000,124.1500000,50998370
20130417,000000,124.7000000,124.9600000,120.7900000,121.8000000,60274240
20130418,000000,121.6000000,122.8400000,120.1700000,120.4500000,39034660
20130419,000000,121.0700000,122.0800000,119.6200000,120.1100000,46568680
20130422,000000,120.4900000,121.6500000,118.6900000,119.9000000,47915180
20130423,000000,119.5000000,121.2500000,118.6400000,120.1700000,46703170
20130424,000000,120.6000000,124.8000000,119.8500000,124.7000000,67364940
20130425,000000,125.0000000,125.5900000,122.8000000,122.9600000,48921100
20130426,000000,122.8000000,123.3500000,121.1000000,122.8200000,34513030
20130429,000000,123.1200000,123.6500000,121.6500000,122.5000000,20039250
20130430,000000,122.9000000,125.7300000,122.1400000,124.1500000,39236440
20130502,000000,122.9600000,124.0400000,122.5500000,122.9600000,12487110
20130503,000000,123.6900000,128.7500000,123.4500000,128.7000000,30425410
20130506,000000,128.8800000,129.7300000,127.5700000,129.3800000,23766790
20130507,000000,129.4800000,131.6500000,128.6800000,130.5500000,38250990
20130508,000000,130.5500000,132.0400000,129.7100000,131.8100000,28470050
20130510,000000,132.2900000,133.6300000,131.1500000,132.8900000,21716080
20130513,000000,132.4900000,132.6600000,129.2600000,129.8000000,48403150
20130514,000000,126.0000000,126.3800000,124.3300000,125.5400000,46980830
20130515,000000,125.7000000,125.9400000,122.1600000,122.3000000,33208130
20130516,000000,123.2400000,125.0000000,121.5400000,122.8100000,46757350
20130517,000000,123.2000000,125.7500000,122.7200000,125.4900000,37058430
20130520,000000,125.8200000,127.5600000,125.7200000,126.4000000,38799480
20130521,000000,126.1000000,127.4400000,125.4000000,126.9500000,35680590
20130522,000000,127.0300000,128.4000000,126.5300000,127.3900000,41124740
20130523,000000,125.7800000,125.7800000,121.3100000,121.6000000,47767100
20130524,000000,122.2400000,122.9500000,118.8700000,120.0000000,46784440
20130527,000000,120.8000000,121.1800000,119.0300000,119.6800000,21540520
20130528,000000,120.3900000,122.0900000,120.0800000,120.8700000,37315920
20130529,000000,120.4100000,120.4800000,118.0900000,118.6300000,37902490
20130530,000000,118.6300000,120.8200000,118.5000000,119.8100000,40600410
20130531,000000,120.4800000,123.4200000,118.4400000,123.4000000,85965510
20130603,000000,122.6100000,122.9600000,120.1500000,120.7500000,72133340
20130604,000000,121.1500000,122.1200000,119.2200000,119.4900000,42885320
20130605,000000,119.1200000,119.6700000,117.6400000,118.2200000,48948360
20130606,000000,117.9500000,118.5400000,116.8000000,116.9800000,34164490
20130607,000000,117.9500000,118.2500000,116.5800000,117.2500000,31897870
20130610,000000,117.8400000,118.1100000,115.8500000,116.5000000,36051730
20130611,000000,116.2000000,116.8000000,110.9400000,111.9100000,51486800
20130613,000000,110.0400000,111.3500000,108.1500000,109.9100000,55808190
