20100111,000000,4511.0000000,4744.0000000,4510.0000000,4695.4000000,1035219
20100112,000000,4679.7300000,4695.4000000,4587.0000000,4640.0600000,754512
20100113,000000,4589.0000000,4730.0000000,4565.1100000,4654.1400000,779058
20100114,000000,4722.0000000,4907.0000000,4720.0000000,4892.9400000,1401955
20100115,000000,4874.9900000,4955.0000000,4842.0000000,4884.6200000,821326
20100118,000000,4869.0000000,5035.0000000,4852.0000000,5027.0000000,976407
20100119,000000,5015.0000000,5084.9900000,4915.0100000,5040.0000000,1001574
20100120,000000,5020.0000000,5083.7500000,4911.1100000,4945.0000000,960204
20100121,000000,4975.0000000,4995.0000000,4856.0300000,4902.9400000,914477
20100122,000000,4849.9700000,4885.0000000,4753.2300000,4809.1500000,1060295
20100125,000000,4754.0000000,4825.0000000,4667.0000000,4720.0000000,895308
20100126,000000,4667.0000000,4697.0000000,4571.0000000,4589.9600000,1007247
20100127,000000,4578.9400000,4710.0000000,4471.0000000,4622.9600000,1236503
20100128,000000,4680.0000000,4760.0000000,4651.0800000,4722.0000000,950090
20100129,000000,4663.9900000,4729.0000000,4604.5400000,4711.3300000,912672
20100201,000000,4660.1200000,4698.0000000,4621.0700000,4674.9000000,571819
20100202,000000,4710.2600000,4785.0000000,4692.0000000,4780.0000000,838326
20100203,000000,4819.9000000,4850.9600000,4719.0000000,4729.3800000,1020540
20100204,000000,4729.3800000,4749.9600000,4556.0000000,4587.9400000,966112
20100205,000000,4499.0000000,4553.8000000,4402.0300000,4484.9900000,1314906
20100208,000000,4488.0000000,4539.8700000,4445.0600000,4500.0000000,913185
20100209,000000,4526.0000000,4594.0000000,4490.0000000,4575.0900000,896784
20100210,000000,4607.0000000,4624.0000000,4435.2500000,4472.0000000,968561
20100211,000000,4519.2800000,4544.0000000,4415.7000000,4431.3300000,671678
20100212,000000,4485.7700000,4523.9800000,4323.1000000,4411.0000000,1091311
20100215,000000,4426.0000000,4491.7700000,4391.0100000,4490.0000000,465054
20100216,000000,4527.0700000,4637.0000000,4510.1600000,4633.0600000,688085
20100217,000000,4670.0000000,4688.8900000,4580.0000000,4592.0000000,774325
20100218,000000,4572.7700000,4620.0000000,4522.0000000,4620.0000000,728481
20100219,000000,4548.0100000,4714.9900000,4486.0200000,4710.0000000,800552
20100224,000000,4659.9800000,4688.2300000,4502.0000000,4536.0000000,863095
20100225,000000,4499.5500000,4580.0000000,4390.0000000,4438.0500000,748941
20100226,000000,4493.2000000,4535.0000000,4421.5500000,4525.0000000,705812
20100227,000000,4530.0000000,4600.0000000,4517.7700000,4590.0000000,224263
20100301,000000,4644.0000000,4740.0000000,4620.0100000,4721.4000000,1075969
20100302,000000,4700.0000000,4760.0000000,4661.3600000,4717.0000000,757832
20100303,000000,4702.0100000,4812.0000000,4675.0000000,4806.4100000,932087
20100304,000000,4770.4300000,4900.0000000,4762.0000000,4852.1500000,913606
20100305,000000,4900.1500000,4939.0000000,4861.0000000,4933.0000000,723829
20100309,000000,4928.2600000,4931.0000000,4814.1000000,4860.0000000,619179
20100310,000000,4864.8800000,4967.0000000,4821.0000000,4894.8800000,889703
20100311,000000,4879.8700000,4930.0000000,4844.5800000,4870.0000000,591269
20100312,000000,4891.0900000,4988.0000000,4861.0000000,4960.0000000,736758
20100315,000000,4924.0000000,4965.0000000,4895.0000000,4895.0000000,481876
20100316,000000,4920.0000000,4975.0000000,4898.0000000,4975.0000000,610542
20100317,000000,5011.0000000,5113.7700000,4995.0000000,5067.0100000,1093384
20100318,000000,5049.0000000,5097.6900000,4982.2800000,4982.9100000,660132
20100319,000000,5000.0000000,5045.0000000,4950.0000000,4987.7500000,686775
20100322,000000,4942.0600000,4955.0000000,4855.4900000,4927.2000000,627248
20100323,000000,4948.2000000,5000.0000000,4902.1100000,4983.9400000,740017
20100324,000000,4990.0000000,4999.0000000,4911.0000000,4931.0000000,561450
20100325,000000,4925.0000000,5050.0000000,4920.0000000,5040.0000000,743302
20100326,000000,5046.0000000,5169.9500000,5031.2000000,5154.0000000,933561
20100329,000000,5158.5700000,5395.0000000,5154.1100000,5387.0000000,1200447
20100330,000000,5400.0000000,5425.0000000,5291.2500000,5390.0000000,1032711
20100331,000000,5365.0000000,5497.0000000,5350.0000000,5430.0000000,864695
20100401,000000,5445.0000000,5674.4600000,5442.0800000,5639.8800000,1210561
20100402,000000,5650.1700000,5674.7500000,5537.5300000,5628.3000000,661177
20100405,000000,5656.0000000,5674.9900000,5581.2500000,5600.5800000,392069
20100406,000000,5600.0000000,5653.0000000,5532.2800000,5545.0000000,680203
20100407,000000,5538.0000000,5569.9700000,5401.0000000,5410.0000000,740102
20100408,000000,5356.0000000,5454.0000000,5325.5000000,5453.0000000,849567
20100409,000000,5500.1300000,5555.0000000,5465.0600000,5541.0000000,639186
20100412,000000,5581.9000000,5644.8700000,5520.0000000,5614.8400000,847240
20100413,000000,5568.0000000,5659.9800000,5556.1100000,5638.9000000,657082
20100414,000000,5680.2600000,5788.3200000,5680.0000000,5760.0000000,883267
20100415,000000,5800.0000000,5820.0000000,5705.5500000,5811.4100000,942767
20100416,000000,5771.0000000,5786.7000000,5631.3000000,5641.8300000,828570
20100419,000000,5553.2600000,5589.8800000,5421.0000000,5529.0000000,1021391
20100420,000000,5574.0000000,5639.0000000,5550.0000000,5609.0000000,681525
20100421,000000,5637.9400000,5655.0000000,5466.2600000,5489.7900000,640763
20100422,000000,5460.0000000,5560.0000000,5350.0000000,5360.0500000,1000470
20100423,000000,5395.3600000,5592.4000000,5363.2700000,5592.0000000,1186977
20100426,000000,5650.0000000,5712.0000000,5606.0000000,5670.0000000,713468
20100427,000000,5635.0000000,5655.0000000,5545.0000000,5602.0100000,668814
20100428,000000,5475.0000000,5558.0000000,5411.1100000,5452.0000000,986007
20100429,000000,5490.0000000,5730.5000000,5435.0000000,5727.0000000,1202402
20100430,000000,5720.0000000,5788.0000000,5610.0000000,5652.9000000,1026075
20100504,000000,5676.6600000,5700.0000000,5302.6900000,5305.0800000,1285804
20100505,000000,5286.0000000,5371.0000000,5013.5700000,5075.0000000,2091282
20100506,000000,5034.0000000,5167.0000000,4951.6400000,5004.0000000,1414160
20100507,000000,4848.4800000,4929.9900000,4532.0000000,4624.9400000,1322851
20100511,000000,4900.0000000,4978.7400000,4775.2300000,4829.6000000,1535976
20100512,000000,4774.1800000,5076.0900000,4755.1200000,5034.9300000,1815332
20100513,000000,5097.0000000,5179.9900000,4975.0000000,5058.6400000,1240435
20100514,000000,5014.9600000,5093.0000000,4933.0000000,4975.0000000,1379956
20100517,000000,4840.0000000,5204.0000000,4795.0000000,5186.8200000,1943773
20100518,000000,5211.0000000,5277.0000000,5061.0000000,5136.9100000,1371207
20100519,000000,5043.0100000,5118.8700000,4937.0000000,5050.0000000,1270300
20100520,000000,5039.0000000,5150.0000000,4821.1200000,4895.4800000,1641233
20100521,000000,4945.0000000,5000.0000000,4831.7500000,4980.0000000,1263506
20100524,000000,4918.0000000,4937.0000000,4697.5300000,4830.0800000,1014767
20100525,000000,4644.0000000,4761.0000000,4611.0000000,4686.1500000,1249558
20100526,000000,4799.8000000,4838.0000000,4660.0200000,4694.9700000,1263073
20100527,000000,4748.0000000,4943.0000000,4650.0000000,4917.8400000,1580004
20100528,000000,4920.0000000,5049.9800000,4811.0000000,5033.9300000,1125323
20100531,000000,5040.4900000,5092.7500000,4953.0000000,5018.8900000,571237
20100601,000000,4974.0000000,5193.0000000,4920.0600000,5161.0200000,1165656
20100602,000000,5069.4100000,5205.0000000,5041.4200000,5168.0000000,1144451
20100603,000000,5245.0000000,5277.0000000,5060.0000000,5060.0000000,1329969
20100604,000000,5059.0000000,5150.0000000,4893.0000000,4921.0000000,1074864
20100607,000000,4800.0000000,4907.0000000,4711.5600000,4867.8600000,910199
20100608,000000,4900.0000000,4950.0000000,4739.9500000,4812.7800000,948616
20100609,000000,4871.0000000,4975.0000000,4827.0000000,4915.0000000,851969
20100610,000000,4929.0000000,5025.0000000,4841.0000000,5018.1000000,883785
20100611,000000,5020.0000000,5037.0000000,4925.2300000,5003.0000000,671237
20100615,000000,5020.0000000,5140.0000000,4995.0100000,5123.9800000,663049
20100616,000000,5162.6000000,5192.9700000,5017.0000000,5086.0000000,756916
20100617,000000,5075.0000000,5130.0000000,4916.0800000,4940.0000000,800677
20100618,000000,4955.0600000,5008.0000000,4890.0000000,4910.1300000,584441
20100621,000000,5030.0000000,5100.0000000,5003.3000000,5095.0000000,750592
20100622,000000,5038.1100000,5108.0400000,4963.0000000,4989.0000000,678517
20100623,000000,4947.0000000,5030.0000000,4922.4800000,4940.6000000,546644
20100624,000000,4980.0100000,5009.5600000,4855.2600000,4890.0100000,620684
20100625,000000,4869.0000000,4900.0000000,4790.0300000,4800.0400000,515446
20100628,000000,4811.2800000,4916.9000000,4793.0500000,4876.5700000,480962
20100629,000000,4810.0000000,4818.1900000,4692.1200000,4720.0000000,637829
20100630,000000,4715.0000000,4750.0000000,4495.0000000,4495.0000000,986725
20100701,000000,4457.0000000,4499.7800000,4350.0000000,4368.8500000,1056282
20100702,000000,4431.0000000,4537.2400000,4355.1200000,4505.0000000,822702
20100705,000000,4505.0000000,4629.0000000,4450.1000000,4618.0000000,761511
20100706,000000,4652.0000000,4753.0000000,4627.0700000,4739.9000000,688944
20100707,000000,4696.0000000,4794.0000000,4594.0000000,4785.6200000,918521
20100708,000000,4841.0000000,4869.0000000,4721.1500000,4758.2600000,759506
20100709,000000,4799.8200000,4838.5000000,4731.3700000,4815.0000000,587006
20100712,000000,4800.0000000,4950.0000000,4757.1700000,4914.0900000,874250
20100713,000000,4892.0000000,5029.9800000,4865.0000000,4949.7900000,819003
20100714,000000,4999.0000000,5009.9700000,4902.0200000,4917.0000000,593786
20100715,000000,4906.4000000,5019.7500000,4826.0600000,4840.2200000,653141
20100716,000000,4864.9100000,4925.0000000,4785.0000000,4815.0000000,650575
20100719,000000,4788.6000000,4944.9000000,4780.7000000,4852.0000000,570643
20100720,000000,4896.0000000,4918.0000000,4773.0000000,4829.3100000,597795
20100721,000000,4862.0000000,4963.0000000,4860.0100000,4893.0000000,788498
20100722,000000,4845.0000000,5025.0000000,4835.1400000,5005.0000000,1020593
20100723,000000,5019.0100000,5180.0000000,4962.0000000,5073.0000000,1046683
20100726,000000,5135.0000000,5165.0000000,5003.0000000,5110.0000000,1114151
20100727,000000,5110.0000000,5174.0000000,5051.0000000,5052.0000000,884593
20100728,000000,5089.0000000,5133.0000000,4962.0100000,4989.9400000,722862
20100729,000000,5035.0000000,5117.0000000,4990.0100000,5074.4800000,510978
20100730,000000,5043.7700000,5065.0000000,4884.2300000,4970.0000000,807338
20100802,000000,5017.7700000,5124.0000000,5011.3300000,5120.0000000,596986
20100803,000000,5125.0000000,5144.4400000,5009.9900000,5039.9900000,601241
20100804,000000,5005.0000000,5127.0000000,4975.2500000,5069.0000000,600161
20100805,000000,5087.9000000,5138.9400000,5030.0100000,5100.0000000,496563
20100806,000000,5110.0000000,5137.0000000,4991.1100000,5025.0000000,541532
20100809,000000,5060.0000000,5203.0400000,5051.6000000,5183.0100000,967240
20100810,000000,5165.2600000,5209.0000000,5103.0000000,5154.0800000,751554
20100811,000000,5117.1700000,5148.3700000,5037.0000000,5048.9400000,690062
20100812,000000,5019.0000000,5120.0000000,4950.0000000,4990.0000000,801550
20100813,000000,5035.0000000,5050.0000000,4964.2000000,5010.0000000,586055
20100816,000000,5010.0000000,5099.0000000,4978.9100000,5085.0000000,676092
20100817,000000,5097.7200000,5207.0000000,5070.3500000,5202.0000000,819824
20100818,000000,5194.9100000,5234.9900000,5161.0000000,5228.0000000,615898
20100819,000000,5243.0000000,5286.9700000,5140.0000000,5155.0000000,735594
20100820,000000,5149.0000000,5184.0000000,5105.0000000,5170.0000000,509416
20100823,000000,5180.0000000,5220.0000000,5122.0600000,5184.9100000,445101
20100824,000000,5146.0000000,5150.0000000,5030.0000000,5067.0000000,545194
20100825,000000,5070.0000000,5098.8000000,4990.0100000,5018.0000000,511534
20100826,000000,5072.0000000,5146.0000000,5041.2700000,5123.9900000,519615
20100827,000000,5107.7000000,5201.0000000,5055.0000000,5198.0000000,584980
20100830,000000,5233.0000000,5301.6200000,5217.7700000,5276.4500000,520975
20100831,000000,5208.8800000,5237.8700000,5122.0000000,5190.0000000,661836
20100901,000000,5222.0000000,5315.0000000,5185.4900000,5305.1300000,557615
20100902,000000,5299.5200000,5349.9900000,5231.2500000,5231.2500000,546747
20100903,000000,5257.0000000,5325.0000000,5229.0000000,5268.0000000,475335
20100906,000000,5320.0000000,5321.0000000,5197.0200000,5225.0000000,309136
20100907,000000,5180.0000000,5200.0000000,5130.0000000,5177.7000000,506156
20100908,000000,5154.0000000,5332.6500000,5150.0000000,5263.9900000,770110
20100909,000000,5260.2600000,5309.2000000,5229.1300000,5233.1300000,611862
20100910,000000,5218.0000000,5309.9200000,5175.0000000,5208.8800000,748539
20100913,000000,5275.0000000,5294.9700000,5197.7000000,5211.9800000,412006
20100914,000000,5188.0000000,5212.9100000,5070.0000000,5080.0000000,823483
20100915,000000,5075.0000000,5105.0000000,4948.0000000,4976.6900000,1289734
20100916,000000,4964.0000000,5030.0000000,4930.0000000,5008.8700000,568044
20100917,000000,5041.0000000,5062.3500000,4940.0000000,4945.0000000,439507
20100920,000000,4955.0000000,4985.0000000,4903.8000000,4934.0000000,440215
20100921,000000,4947.9400000,5008.7700000,4941.1100000,4969.5000000,512232
20100922,000000,4984.3000000,4998.8000000,4891.7200000,4982.8000000,612408
20100923,000000,4985.0000000,5055.0000000,4957.0100000,5012.0000000,761183
20100924,000000,4994.0000000,5070.0000000,4960.0000000,5057.9500000,528663
20100927,000000,5080.0000000,5097.0000000,5025.0000000,5031.9000000,476124
20100928,000000,5017.0000000,5050.0000000,4973.7000000,5004.8600000,504859
20100929,000000,5029.9900000,5134.1000000,5017.0100000,5125.0000000,826013
20100930,000000,5105.1000000,5204.4000000,5103.0000000,5196.0400000,661780
20101001,000000,5189.0000000,5277.3400000,5171.0000000,5254.7000000,775139
20101004,000000,5272.0500000,5340.0000000,5250.0000000,5315.0000000,715523
20101005,000000,5305.0000000,5355.0000000,5271.0000000,5294.8200000,718367
20101006,000000,5337.7700000,5394.1800000,5288.0000000,5338.0000000,878151
20101007,000000,5346.0000000,5386.9500000,5322.0600000,5353.5000000,597575
20101008,000000,5326.0800000,5354.6700000,5243.3500000,5304.9000000,685126
20101011,000000,5329.9500000,5414.9900000,5327.0500000,5369.9500000,471203
20101012,000000,5314.9900000,5408.8800000,5307.0000000,5388.6500000,487037
20101013,000000,5415.7700000,5450.0000000,5375.0100000,5400.0000000,600206
20101014,000000,5450.0000000,5459.5000000,5402.0000000,5432.9500000,689973
20101015,000000,5425.0000000,5540.0000000,5422.1900000,5492.0000000,870489
20101018,000000,5448.0000000,5532.0800000,5447.0000000,5516.0000000,353042
20101019,000000,5515.0000000,5536.0100000,5416.0000000,5425.0100000,565318
20101020,000000,5399.0000000,5498.0000000,5370.0000000,5476.9600000,435332
20101021,000000,5475.0000000,5569.9900000,5460.0000000,5550.0800000,534500
20101022,000000,5537.7700000,5560.0000000,5418.0000000,5455.2300000,1103987
20101025,000000,5510.0000000,5659.0000000,5495.0000000,5609.0000000,967134
20101026,000000,5590.0000000,5648.0000000,5555.5500000,5575.0000000,560247
20101027,000000,5555.0000000,5589.9900000,5503.0000000,5512.0000000,428555
20101028,000000,5530.0000000,5621.5500000,5530.0000000,5573.6700000,489629
20101029,000000,5558.0000000,5593.4000000,5508.0000000,5584.3000000,406214
20101101,000000,5620.0100000,5660.0000000,5600.0000000,5612.9700000,451833
20101102,000000,5605.0000000,5660.0000000,5592.4600000,5640.0000000,307238
20101103,000000,5647.8700000,5668.0000000,5590.0000000,5604.9500000,545978
20101108,000000,5748.0000000,5875.9400000,5745.0000000,5870.0300000,834404
20101109,000000,5859.1600000,6089.1000000,5856.1200000,6080.0000000,1043938
20101110,000000,6030.0000000,6095.0000000,5981.1000000,6020.0000000,686665
20101111,000000,6070.0000000,6133.0000000,5910.0000000,5916.9700000,949677
20101112,000000,5848.8000000,5934.9300000,5810.0100000,5906.2900000,661302
20101113,000000,5875.0000000,5890.0000000,5820.0000000,5860.0000000,199931
20101115,000000,5887.7100000,5949.0000000,5791.2500000,5919.9500000,609176
20101116,000000,5883.0000000,5883.0000000,5743.0100000,5751.0000000,607802
20101117,000000,5736.0000000,5795.0000000,5630.0000000,5791.0000000,878702
20101118,000000,5835.7800000,5861.8600000,5780.0000000,5841.0000000,464155
20101119,000000,5850.0100000,5938.1700000,5800.0000000,5926.0400000,651256
20101122,000000,5980.0000000,6020.0000000,5905.5900000,5909.9500000,549558
20101123,000000,5875.0500000,5923.0000000,5820.0000000,5865.0500000,552289
20101124,000000,5885.0000000,6060.0000000,5824.7600000,6044.0000000,790201
20101125,000000,6058.9800000,6182.5300000,6036.3600000,6140.0800000,1245657
20101126,000000,6109.9800000,6180.0000000,6030.0000000,6045.0000000,819669
20101129,000000,6089.6000000,6119.0000000,5953.0000000,5973.0000000,547926
20101130,000000,5988.0000000,6088.8800000,5925.5000000,6053.0300000,625439
20101201,000000,6090.3000000,6161.0000000,6055.0000000,6161.0000000,656766
20101202,000000,6180.0000000,6500.0000000,6151.1700000,6450.0000000,1132793
20101203,000000,6440.0000000,6728.8000000,6417.1000000,6670.0000000,1507609
20101206,000000,6670.0000000,6745.0000000,6554.9800000,6655.2700000,722096
20101207,000000,6689.0000000,6750.0000000,6584.0200000,6610.0000000,874997
20101208,000000,6538.0000000,6655.5500000,6471.0000000,6479.0000000,814308
20101209,000000,6568.0000000,6610.0000000,6506.3700000,6566.5000000,567378
20101210,000000,6576.0000000,6698.8800000,6502.1800000,6698.8800000,742016
20101213,000000,6726.0000000,6748.0000000,6617.0000000,6618.0000000,874448
20101214,000000,6611.9900000,6758.3800000,6589.0000000,6725.0000000,1074719
20101215,000000,6680.1100000,6819.0000000,6635.0000000,6790.0000000,1252390
20101216,000000,6752.0000000,6868.0000000,6695.0000000,6700.0000000,1229832
20101217,000000,6740.0000000,6783.9900000,6670.0000000,6698.0000000,566054
20101220,000000,6690.0000000,6749.6200000,6663.0000000,6678.0000000,473988
20101221,000000,6735.0000000,6739.9800000,6670.7900000,6695.5000000,488870
20101222,000000,6715.0100000,6796.9000000,6705.0000000,6780.0000000,432592
20101223,000000,6771.1100000,6825.0000000,6750.0000000,6824.0000000,389613
20101224,000000,6860.0000000,6868.0000000,6780.0000000,6812.0000000,351851
20101227,000000,6812.0000000,6842.0000000,6751.2200000,6755.1900000,177075
20101228,000000,6766.0000000,6825.0000000,6730.0000000,6800.0000000,227334
20101229,000000,6820.2000000,7219.0000000,6820.0000000,7195.0000000,1080874
20101230,000000,7205.0000000,7245.0000000,7141.2500000,7165.0000000,496457
20110111,000000,7098.0000000,7309.9000000,7000.0000000,7287.0000000,676041
20110112,000000,7299.8800000,7576.0000000,7296.0000000,7498.9900000,1545788
20110113,000000,7499.9900000,7537.8400000,7380.8000000,7395.0000000,546370
20110114,000000,7381.1200000,7460.0000000,7312.0000000,7400.0000000,621209
20110117,000000,7410.0000000,7517.0000000,7400.2900000,7462.8400000,472382
20110118,000000,7480.0000000,7505.0000000,7422.7800000,7490.1200000,377478
20110119,000000,7510.9300000,7533.9800000,7440.0000000,7464.0000000,308245
20110120,000000,7399.0000000,7454.0000000,7352.0000000,7421.0000000,495358
20110121,000000,7409.9600000,7527.0000000,7331.0000000,7500.0000000,576246
20110124,000000,7497.0000000,7540.0000000,7415.0000000,7540.0000000,463672
20110125,000000,7540.0000000,7570.0000000,7471.2500000,7502.0000000,432755
20110126,000000,7534.9800000,7570.0000000,7448.0000000,7515.1900000,407369
20110127,000000,7545.0000000,7639.0000000,7462.4300000,7602.0000000,957539
20110128,000000,7579.9600000,7700.0000000,7540.0000000,7700.0000000,406032
20110131,000000,7616.0500000,7640.0000000,7451.0000000,7470.0000000,769967
20110201,000000,7539.9900000,7540.0000000,7431.9100000,7513.0000000,361395
20110202,000000,7540.0000000,7660.0000000,7522.5800000,7590.0000000,498530
20110203,000000,7576.6000000,7621.0000000,7462.9300000,7474.0000000,357873
20110204,000000,7486.2200000,7520.0000000,7370.0000000,7441.0000000,437801
20110207,000000,7478.0000000,7496.4000000,7225.0000000,7371.0000000,591988
20110208,000000,7349.9700000,7385.0000000,7216.0000000,7231.0000000,537501
20110209,000000,7231.0100000,7280.1900000,7040.0000000,7052.0000000,427933
20110210,000000,7052.0000000,7056.9300000,6835.0000000,6839.9800000,697353
20110211,000000,6839.0000000,7214.0000000,6811.0000000,7148.2700000,993881
20110214,000000,7217.0000000,7286.4700000,7041.0000000,7110.0000000,497973
20110215,000000,7128.5500000,7190.0000000,7025.0000000,7065.0000000,385949
20110216,000000,7087.5500000,7094.0000000,6902.7100000,6965.0000000,440989
20110217,000000,7025.0500000,7035.0000000,6780.0000000,6817.0000000,465440
20110218,000000,6830.0000000,6837.9100000,6681.0000000,6701.1400000,369969
20110221,000000,6715.0000000,6910.0000000,6655.0000000,6815.0000000,594722
20110222,000000,6769.9600000,6823.7400000,6680.0200000,6785.4700000,505008
20110224,000000,6677.7000000,6699.9900000,6511.2500000,6579.9600000,677536
20110225,000000,6598.9600000,6865.0000000,6596.0100000,6857.7600000,666384
20110228,000000,6905.5700000,7046.5000000,6840.0900000,6993.0000000,717458
20110301,000000,7044.0000000,7167.0000000,6975.0000000,7021.0000000,791712
20110302,000000,6975.0000000,7146.0000000,6914.0000000,7135.0000000,605922
20110303,000000,7163.0000000,7208.0000000,7082.0000000,7101.0000000,434590
20110304,000000,7147.0000000,7246.0000000,7105.0000000,7130.0000000,562529
20110305,000000,7130.0000000,7219.0000000,7111.0000000,7198.0000000,146947
20110309,000000,7154.0000000,7185.0000000,7090.0000000,7116.0000000,532120
20110310,000000,7079.0000000,7085.0000000,6848.0000000,6880.0000000,740849
20110311,000000,6830.0000000,6977.0000000,6757.0000000,6766.0000000,638956
20110314,000000,6755.0000000,7000.0000000,6723.0000000,6936.0000000,684548
20110315,000000,6802.0000000,7080.0000000,6770.0000000,7016.0000000,1352166
20110316,000000,7071.0000000,7148.0000000,6955.0000000,6995.0000000,663567
20110317,000000,6996.0000000,7165.0000000,6965.0000000,7165.0000000,576007
20110318,000000,7199.0000000,7229.0000000,7075.0000000,7140.0000000,436787
20110321,000000,7193.0000000,7228.0000000,7155.0000000,7200.0000000,288864
20110322,000000,7176.0000000,7180.0000000,6991.0000000,7105.0000000,491095
20110323,000000,7075.0000000,7237.0000000,7051.0000000,7235.0000000,597544
20110324,000000,7250.0000000,7335.0000000,7166.0000000,7291.0000000,759025
20110325,000000,7301.0000000,7514.0000000,7244.0000000,7495.0000000,955587
20110328,000000,7471.0000000,7580.0000000,7453.0000000,7555.0000000,355325
20110329,000000,7581.0000000,7625.0000000,7365.0000000,7432.0000000,670527
20110330,000000,7480.0000000,7598.0000000,7464.0000000,7514.0000000,446497
20110331,000000,7510.0000000,7537.0000000,7382.0000000,7463.0000000,463413
20110401,000000,7449.0000000,7696.0000000,7431.0000000,7671.0000000,764408
20110404,000000,7665.0000000,7820.0000000,7640.0000000,7818.0000000,859862
20110405,000000,7900.0000000,7980.0000000,7730.0000000,7731.0000000,885946
20110406,000000,7801.0000000,7828.0000000,7693.0000000,7751.0000000,523439
20110407,000000,7724.0000000,7760.0000000,7621.0000000,7649.0000000,469309
20110408,000000,7696.0000000,7711.0000000,7577.0000000,7609.0000000,477980
20110411,000000,7625.0000000,7709.0000000,7578.0000000,7615.0000000,313203
20110412,000000,7535.0000000,7616.0000000,7452.0000000,7560.0000000,631521
20110413,000000,7550.0000000,7775.0000000,7510.0000000,7772.0000000,709598
20110414,000000,7771.0000000,7779.0000000,7580.0000000,7668.0000000,533112
20110415,000000,7668.0000000,7773.0000000,7572.0000000,7705.0000000,811879
20110418,000000,7707.0000000,7731.0000000,7325.0000000,7360.0000000,939262
20110419,000000,7410.0000000,7530.0000000,7357.0000000,7474.0000000,685238
20110420,000000,7552.0000000,7698.0000000,7495.0000000,7694.0000000,605023
20110421,000000,7745.0000000,7769.0000000,7610.0000000,7670.0000000,413799
20110422,000000,7691.0000000,7723.0000000,7651.0000000,7700.0000000,171381
20110425,000000,7720.0000000,7750.0000000,7533.0000000,7533.0000000,415270
20110426,000000,7511.0000000,7698.0000000,7482.0000000,7679.0000000,613460
20110427,000000,7695.0000000,7745.0000000,7550.0000000,7625.0000000,521614
20110428,000000,7698.0000000,7715.0000000,7552.0000000,7625.0000000,385813
20110429,000000,7608.0000000,7664.0000000,7522.0000000,7656.0000000,234406
20110503,000000,7656.0000000,7698.0000000,7220.0000000,7230.0000000,672110
20110504,000000,7239.0000000,7339.0000000,7000.0000000,7170.0000000,907441
20110505,000000,7203.0000000,7265.0000000,7001.0000000,7081.0000000,773941
20110506,000000,7020.0000000,7260.0000000,6920.0000000,7228.0000000,726974
20110510,000000,7208.0000000,7439.0000000,7159.0000000,7365.0000000,703718
20110511,000000,7380.0000000,7410.0000000,7139.0000000,7168.0000000,525466
20110512,000000,7100.0000000,7330.0000000,7055.0000000,7305.0000000,969661
20110513,000000,7367.0000000,7420.0000000,7227.0000000,7289.0000000,537590
20110516,000000,7200.0000000,7305.0000000,7132.0000000,7170.0000000,445079
20110517,000000,7020.0000000,7107.0000000,6952.0000000,6999.0000000,715075
20110518,000000,7095.0000000,7127.0000000,7001.0000000,7095.0000000,410466
20110519,000000,7100.0000000,7265.0000000,7027.0000000,7198.0000000,745553
20110520,000000,7200.0000000,7264.0000000,7006.0000000,7010.0000000,443821
20110523,000000,6937.0000000,7000.0000000,6888.0000000,6899.0000000,579449
20110524,000000,6930.0000000,7077.0000000,6908.0000000,7030.0000000,500289
20110525,000000,6985.0000000,7123.0000000,6941.0000000,7089.0000000,421467
20110526,000000,7122.0000000,7150.0000000,7001.0000000,7031.0000000,444327
20110527,000000,7080.0000000,7194.0000000,7036.0000000,7120.0000000,511695
20110530,000000,7140.0000000,7175.0000000,7080.0000000,7152.0000000,198405
20110531,000000,7176.0000000,7218.0000000,6976.0000000,7001.0000000,891690
20110601,000000,7040.0000000,7125.0000000,6980.0000000,7036.0000000,515943
20110602,000000,6975.0000000,7055.0000000,6955.0000000,7020.0000000,373164
20110603,000000,7024.0000000,7042.0000000,6905.0000000,6909.0000000,423325
20110606,000000,6908.0000000,6939.0000000,6793.0000000,6840.0000000,498938
20110607,000000,6830.0000000,6996.0000000,6820.0000000,6967.0000000,492251
20110608,000000,6948.0000000,7029.0000000,6855.0000000,7001.0000000,648956
20110609,000000,7025.0000000,7060.0000000,6950.0000000,7030.0000000,375335
20110610,000000,7035.0000000,7144.0000000,7020.0000000,7115.0000000,481854
20110614,000000,7115.0000000,7125.0000000,7021.0000000,7045.0000000,361119
20110615,000000,7057.0000000,7169.0000000,7010.0000000,7030.0000000,742891
20110616,000000,6966.0000000,7050.0000000,6950.0000000,7013.0000000,463809
20110617,000000,7000.0000000,7140.0000000,6995.0000000,7020.0000000,833086
20110620,000000,7005.0000000,7035.0000000,6871.0000000,6901.0000000,522928
20110621,000000,6950.0000000,6975.0000000,6904.0000000,6919.0000000,311319
20110622,000000,6930.0000000,7063.0000000,6838.0000000,7040.0000000,555911
20110623,000000,7008.0000000,7090.0000000,6930.0000000,7026.0000000,558329
20110624,000000,7076.0000000,7140.0000000,7036.0000000,7135.0000000,511315
20110627,000000,7096.0000000,7160.0000000,7063.0000000,7127.0000000,301825
20110628,000000,7149.0000000,7355.0000000,7128.0000000,7316.0000000,760123
20110629,000000,7331.0000000,7355.0000000,7260.0000000,7310.0000000,373205
20110630,000000,7318.0000000,7360.0000000,7243.0000000,7295.0000000,386369
20110701,000000,7290.0000000,7400.0000000,7252.0000000,7353.0000000,526537
20110704,000000,7380.0000000,7418.0000000,7360.0000000,7398.0000000,231908
20110705,000000,7398.0000000,7503.0000000,7377.0000000,7487.0000000,484543
20110706,000000,7506.0000000,7525.0000000,7448.0000000,7491.0000000,298595
20110707,000000,7524.0000000,7570.0000000,7504.0000000,7545.0000000,391515
20110708,000000,7550.0000000,7556.0000000,7460.0000000,7499.0000000,311594
20110711,000000,7470.0000000,7560.0000000,7442.0000000,7542.0000000,590734
20110712,000000,7530.0000000,7650.0000000,7480.0000000,7632.0000000,675171
20110713,000000,7640.0000000,7675.0000000,7531.0000000,7579.0000000,456675
20110714,000000,7548.0000000,7605.0000000,7515.0000000,7560.0000000,404349
20110715,000000,7528.0000000,7600.0000000,7506.0000000,7550.0000000,275921
20110718,000000,7555.0000000,7580.0000000,7483.0000000,7500.0000000,316700
20110719,000000,7510.0000000,7568.0000000,7510.0000000,7559.0000000,283084
20110720,000000,7590.0000000,7640.0000000,7548.0000000,7550.0000000,250615
20110721,000000,7560.0000000,7600.0000000,7410.0000000,7590.0000000,582986
20110722,000000,7597.0000000,7628.0000000,7510.0000000,7530.0000000,310690
20110725,000000,7496.0000000,7555.0000000,7463.0000000,7504.0000000,253200
20110726,000000,7500.0000000,7540.0000000,7414.0000000,7463.0000000,215868
20110727,000000,7470.0000000,7522.0000000,7355.0000000,7370.0000000,310498
20110728,000000,7351.0000000,7425.0000000,7316.0000000,7365.0000000,269869
20110729,000000,7326.0000000,7419.0000000,7301.0000000,7401.0000000,372198
20110801,000000,7487.0000000,7530.0000000,7441.0000000,7467.0000000,357937
20110802,000000,7460.0000000,7490.0000000,7390.0000000,7425.0000000,333379
20110803,000000,7352.0000000,7392.0000000,7215.0000000,7259.0000000,354091
20110804,000000,7301.0000000,7322.0000000,7129.0000000,7130.0000000,529103
20110805,000000,6980.0000000,7125.0000000,6915.0000000,7066.0000000,607688
20110808,000000,6850.0000000,7018.0000000,6650.0000000,6717.0000000,876775
20110809,000000,6514.0000000,6794.0000000,6195.0000000,6489.0000000,1123028
20110810,000000,6646.0000000,6780.0000000,6195.0000000,6609.0000000,1920857
20110811,000000,6690.0000000,6848.0000000,6246.0000000,6460.0000000,1050255
20110812,000000,6612.0000000,6840.0000000,6460.0000000,6730.0000000,720701
20110815,000000,6810.0000000,6950.0000000,6760.0000000,6803.0000000,431744
20110816,000000,6738.0000000,6740.0000000,6526.0000000,6632.0000000,368777
20110817,000000,6666.0000000,6795.0000000,6565.0000000,6700.0000000,365990
20110818,000000,6617.0000000,6652.0000000,6413.0000000,6486.0000000,418680
20110819,000000,6371.0000000,6590.0000000,6362.0000000,6500.0000000,624023
20110822,000000,6447.0000000,6580.0000000,6363.0000000,6480.0000000,277678
20110823,000000,6540.0000000,6570.0000000,6252.0000000,6350.0000000,483388
20110824,000000,6370.0000000,6520.0000000,6250.0000000,6476.0000000,395009
20110825,000000,6489.0000000,6585.0000000,6416.0000000,6485.0000000,431578
20110826,000000,6494.0000000,6838.0000000,6406.0000000,6830.0000000,608717
20110829,000000,6944.0000000,7120.0000000,6878.0000000,7099.0000000,464262
20110830,000000,7100.0000000,7116.0000000,6888.0000000,7003.0000000,401966
20110831,000000,7055.0000000,7310.0000000,6970.0000000,7212.0000000,477830
20110901,000000,7191.0000000,7232.0000000,6970.0000000,7200.0000000,524657
20110902,000000,7120.0000000,7161.0000000,6990.0000000,7039.0000000,261028
20110905,000000,6970.0000000,7290.0000000,6900.0000000,7071.0000000,564406
20110906,000000,7053.0000000,7240.0000000,6973.0000000,7183.0000000,576363
20110907,000000,7228.0000000,7510.0000000,7212.0000000,7364.0000000,1070035
20110908,000000,7400.0000000,7557.0000000,7261.0000000,7510.0000000,719136
20110909,000000,7473.0000000,7574.0000000,7342.0000000,7402.0000000,734837
20110912,000000,7290.0000000,7554.0000000,7250.0000000,7554.0000000,645502
20110913,000000,7599.0000000,7677.0000000,7438.0000000,7629.0000000,805384
20110914,000000,7570.0000000,7659.0000000,7558.0000000,7601.0000000,386051
20110915,000000,7630.0000000,7855.0000000,7630.0000000,7709.0000000,1197818
20110916,000000,7760.0000000,7777.0000000,7191.0000000,7220.0000000,943126
20110919,000000,7147.0000000,7208.0000000,6859.0000000,6873.0000000,863148
20110920,000000,6880.0000000,7090.0000000,6811.0000000,6934.0000000,651330
20110921,000000,6922.0000000,7045.0000000,6911.0000000,6920.0000000,571152
20110922,000000,6799.0000000,6828.0000000,6399.0000000,6574.0000000,967563
20110923,000000,6528.0000000,6574.0000000,6230.0000000,6363.0000000,916892
20110926,000000,6308.0000000,6593.0000000,6122.0000000,6391.0000000,679344
20110927,000000,6560.0000000,6623.0000000,6458.0000000,6513.0000000,491386
20110928,000000,6452.0000000,7198.0000000,6300.0000000,7020.0000000,2263469
20110929,000000,7020.0000000,7118.0000000,6910.0000000,7041.0000000,745824
20110930,000000,7051.0000000,7084.0000000,6814.0000000,7013.0000000,831690
20111003,000000,6899.0000000,7010.0000000,6677.0000000,6680.0000000,529228
20111004,000000,6600.0000000,6744.0000000,5982.0000000,6194.0000000,877144
20111005,000000,6295.0000000,6439.0000000,6063.0000000,6116.0000000,740816
20111006,000000,6202.0000000,6417.0000000,6175.0000000,6280.0000000,568998
20111007,000000,6352.0000000,6521.0000000,6233.0000000,6400.0000000,618960
20111010,000000,6448.0000000,6488.0000000,6264.0000000,6378.0000000,580218
20111011,000000,6410.0000000,6410.0000000,6230.0000000,6330.0000000,405878
20111012,000000,6279.0000000,6330.0000000,6189.0000000,6283.0000000,529841
20111013,000000,6320.0000000,6649.0000000,6301.0000000,6499.0000000,1066969
20111014,000000,6532.0000000,6699.0000000,6470.0000000,6659.0000000,557780
20111017,000000,6705.0000000,6752.0000000,6392.0000000,6500.0000000,656151
20111018,000000,6448.0000000,6699.0000000,6414.0000000,6670.0000000,541204
20111019,000000,6691.0000000,6719.0000000,6447.0000000,6525.0000000,504918
20111020,000000,6470.0000000,6674.0000000,6416.0000000,6655.0000000,536627
20111021,000000,6678.0000000,6699.0000000,6505.0000000,6580.0000000,267965
20111024,000000,6607.0000000,6690.0000000,6581.0000000,6640.0000000,386721
20111025,000000,6639.0000000,6673.0000000,6221.0000000,6306.0000000,601480
20111026,000000,6300.0000000,6375.0000000,6172.0000000,6221.0000000,440468
20111027,000000,6280.0000000,6460.0000000,6231.0000000,6245.0000000,578504
20111028,000000,6298.0000000,6391.0000000,6055.0000000,6132.0000000,495132
20111031,000000,6078.0000000,6240.0000000,5930.0000000,5970.0000000,445095
20111101,000000,5931.0000000,6013.0000000,5550.0000000,5695.0000000,551191
20111102,000000,5701.0000000,5840.0000000,5664.0000000,5785.0000000,420313
20111103,000000,5649.0000000,6053.0000000,5422.0000000,5888.0000000,940762
20111107,000000,5901.0000000,6033.0000000,5831.0000000,5983.0000000,311341
20111108,000000,5983.0000000,6047.0000000,5857.0000000,5865.0000000,378925
20111109,000000,5941.0000000,5941.0000000,5555.0000000,5570.0000000,520669
20111110,000000,5505.0000000,5658.0000000,5439.0000000,5615.0000000,505004
20111111,000000,5636.0000000,5668.0000000,5479.0000000,5523.0000000,355341
20111114,000000,5618.0000000,5646.0000000,5456.0000000,5468.0000000,329037
20111115,000000,5486.0000000,5600.0000000,5253.0000000,5278.0000000,655428
20111116,000000,5250.0000000,5297.0000000,5022.0000000,5051.0000000,829508
20111117,000000,5075.0000000,5278.0000000,4955.0000000,5235.0000000,1065205
20111118,000000,5147.0000000,5385.0000000,5060.0000000,5296.0000000,835137
20111121,000000,5277.0000000,5289.0000000,5012.0000000,5042.0000000,594980
20111122,000000,5069.0000000,5220.0000000,5010.0000000,5132.0000000,639580
20111123,000000,5054.0000000,5284.0000000,5050.0000000,5215.0000000,659733
20111124,000000,5230.0000000,5298.0000000,5150.0000000,5151.0000000,348001
20111125,000000,5130.0000000,5170.0000000,5010.0000000,5169.0000000,449251
20111128,000000,5245.0000000,5370.0000000,5201.0000000,5352.0000000,528361
20111129,000000,5387.0000000,5419.0000000,5187.0000000,5210.0000000,508962
20111130,000000,5230.0000000,5470.0000000,5174.0000000,5431.0000000,764930
20111201,000000,5474.0000000,5572.0000000,5391.0000000,5506.0000000,665634
20111202,000000,5512.0000000,5585.0000000,5407.0000000,5415.0000000,515576
20111205,000000,5452.0000000,5569.0000000,5410.0000000,5541.0000000,331252
20111206,000000,5511.0000000,5620.0000000,5320.0000000,5340.0000000,834905
20111207,000000,5400.0000000,5450.0000000,5288.0000000,5360.0000000,491649
20111208,000000,5390.0000000,5490.0000000,5323.0000000,5342.0000000,460469
20111209,000000,5266.0000000,5270.0000000,5033.0000000,5051.0000000,752114
20111212,000000,5126.0000000,5182.0000000,4749.0000000,4750.0000000,709922
20111213,000000,4747.0000000,5009.0000000,4680.0000000,4999.0000000,810123
20111214,000000,4950.0000000,5124.0000000,4912.0000000,4976.0000000,689161
20111215,000000,4909.0000000,5080.0000000,4900.0000000,5055.0000000,688645
20111216,000000,5084.0000000,5117.0000000,4922.0000000,4990.0000000,410940
20111219,000000,4920.0000000,4970.0000000,4818.0000000,4905.0000000,354349
20111220,000000,4955.0000000,4959.0000000,4866.0000000,4926.0000000,315007
20111221,000000,4970.0000000,5064.0000000,4820.0000000,4867.0000000,637539
20111222,000000,4895.0000000,4905.0000000,4717.0000000,4775.0000000,362978
20111223,000000,4800.0000000,4811.0000000,4685.0000000,4710.0000000,245239
20111226,000000,4745.0000000,4771.0000000,4724.0000000,4758.0000000,118566
20111227,000000,4768.0000000,4780.0000000,4710.0000000,4743.0000000,119674
20111228,000000,4757.0000000,4801.0000000,4735.0000000,4782.0000000,261889
20111229,000000,4771.0000000,4935.0000000,4715.0000000,4934.0000000,351426
20111230,000000,4960.0000000,4986.0000000,4911.0000000,4929.0000000,157922
20120103,000000,5000.0000000,5045.0000000,4971.0000000,5015.0000000,222255
20120104,000000,5025.0000000,5030.0000000,4952.0000000,5001.0000000,169797
20120105,000000,5001.0000000,5017.0000000,4850.0000000,4856.0000000,226737
20120106,000000,4867.0000000,4919.0000000,4832.0000000,4852.0000000,156462
20120109,000000,4852.0000000,4945.0000000,4834.0000000,4929.0000000,156744
20120110,000000,4956.0000000,5227.0000000,4945.0000000,5219.0000000,644746
20120111,000000,5191.0000000,5319.0000000,5162.0000000,5240.0000000,701886
20120112,000000,5270.0000000,5417.0000000,5200.0000000,5350.0000000,586767
20120113,000000,5380.0000000,5435.0000000,5315.0000000,5340.0000000,460199
20120116,000000,5291.0000000,5371.0000000,5230.0000000,5341.0000000,329044
20120117,000000,5387.0000000,5489.0000000,5383.0000000,5477.0000000,396137
20120118,000000,5480.0000000,5487.0000000,5410.0000000,5471.0000000,338575
20120119,000000,5500.0000000,5521.0000000,5452.0000000,5474.0000000,365281
20120120,000000,5496.0000000,5500.0000000,5440.0000000,5451.0000000,231810
20120123,000000,5451.0000000,5575.0000000,5374.0000000,5569.0000000,506642
20120124,000000,5541.0000000,5608.0000000,5522.0000000,5555.0000000,400083
20120125,000000,5583.0000000,5700.0000000,5573.0000000,5663.0000000,674812
20120126,000000,5720.0000000,5804.0000000,5688.0000000,5771.0000000,629576
20120127,000000,5740.0000000,5857.0000000,5725.0000000,5800.0000000,483067
20120130,000000,5796.0000000,5825.0000000,5669.0000000,5701.0000000,405083
20120131,000000,5749.0000000,5840.0000000,5726.0000000,5814.0000000,270987
20120201,000000,5800.0000000,5894.0000000,5775.0000000,5893.0000000,400984
20120202,000000,5917.0000000,5918.0000000,5706.0000000,5773.0000000,861400
20120203,000000,5783.0000000,5878.0000000,5724.0000000,5852.0000000,370683
20120206,000000,5880.0000000,5898.0000000,5816.0000000,5846.0000000,447237
20120207,000000,5864.0000000,5915.0000000,5832.0000000,5881.0000000,433585
20120208,000000,5917.0000000,5970.0000000,5911.0000000,5941.0000000,336509
20120209,000000,5950.0000000,5998.0000000,5730.0000000,5747.0000000,612788
20120210,000000,5746.0000000,5746.0000000,5618.0000000,5623.0000000,430324
20120213,000000,5661.0000000,5840.0000000,5661.0000000,5829.0000000,312992
20120214,000000,5800.0000000,5909.0000000,5735.0000000,5746.0000000,401183
20120215,000000,5801.0000000,5870.0000000,5775.0000000,5792.0000000,338972
20120216,000000,5740.0000000,5749.0000000,5650.0000000,5676.0000000,418343
20120217,000000,5751.0000000,5773.0000000,5635.0000000,5656.0000000,258617
20120220,000000,5710.0000000,5783.0000000,5690.0000000,5762.0000000,286414
20120221,000000,5776.0000000,5789.0000000,5640.0000000,5646.0000000,314947
20120222,000000,5661.0000000,5696.0000000,5524.0000000,5532.0000000,335213
20120224,000000,5559.0000000,5748.0000000,5495.0000000,5730.0000000,559800
20120227,000000,5712.0000000,5849.0000000,5675.0000000,5755.0000000,379411
20120228,000000,5813.0000000,5825.0000000,5702.0000000,5715.0000000,337018
20120229,000000,5755.0000000,5821.0000000,5732.0000000,5779.0000000,373946
20120301,000000,5745.0000000,5760.0000000,5670.0000000,5754.0000000,302293
20120302,000000,5768.0000000,5894.0000000,5760.0000000,5880.0000000,579249
20120305,000000,5892.0000000,6000.0000000,5885.0000000,5932.0000000,445477
20120306,000000,5901.0000000,5910.0000000,5602.0000000,5661.0000000,538389
20120307,000000,5630.0000000,5719.0000000,5562.0000000,5666.0000000,402784
20120311,000000,5751.0000000,5800.0000000,5730.0000000,5795.0000000,145754
20120312,000000,5766.0000000,5839.0000000,5712.0000000,5740.0000000,377324
20120313,000000,5791.0000000,5824.0000000,5736.0000000,5784.0000000,296966
20120314,000000,5850.0000000,5920.0000000,5824.0000000,5908.0000000,406601
20120315,000000,5889.0000000,5935.0000000,5850.0000000,5875.0000000,489300
20120316,000000,5895.0000000,5897.0000000,5770.0000000,5808.0000000,220464
20120319,000000,5828.0000000,5840.0000000,5702.0000000,5755.0000000,274165
20120320,000000,5755.0000000,5776.0000000,5515.0000000,5523.0000000,502803
20120321,000000,5527.0000000,5529.0000000,5325.0000000,5360.0000000,714492
20120322,000000,5335.0000000,5425.0000000,5271.0000000,5384.0000000,554813
20120323,000000,5415.0000000,5419.0000000,5300.0000000,5362.0000000,349196
20120326,000000,5401.0000000,5470.0000000,5362.0000000,5366.0000000,378058
20120327,000000,5398.0000000,5434.0000000,5253.0000000,5423.0000000,433623
20120328,000000,5400.0000000,5450.0000000,5355.0000000,5391.0000000,586401
20120329,000000,5388.0000000,5450.0000000,5315.0000000,5352.0000000,409772
20120330,000000,5388.0000000,5496.0000000,5380.0000000,5400.0000000,501363
20120402,000000,5446.0000000,5460.0000000,5312.0000000,5390.0000000,290100
20120403,000000,5435.0000000,5528.0000000,5383.0000000,5500.0000000,384309
20120404,000000,5448.0000000,5489.0000000,5315.0000000,5340.0000000,370846
20120405,000000,5359.0000000,5423.0000000,5257.0000000,5394.0000000,358504
20120406,000000,5405.0000000,5417.0000000,5305.0000000,5322.0000000,227167
20120409,000000,5310.0000000,5368.0000000,5232.0000000,5345.0000000,302654
20120410,000000,5330.0000000,5385.0000000,5270.0000000,5281.0000000,267197
20120411,000000,5254.0000000,5335.0000000,5226.0000000,5262.0000000,321964
20120412,000000,5290.0000000,5293.0000000,5174.0000000,5239.0000000,326303
20120413,000000,5279.0000000,5315.0000000,5211.0000000,5235.0000000,223366
20120416,000000,5210.0000000,5248.0000000,5077.0000000,5093.0000000,247905
20120417,000000,5101.0000000,5119.0000000,5035.0000000,5070.0000000,330864
20120418,000000,5111.0000000,5199.0000000,5075.0000000,5105.0000000,223512
20120419,000000,5109.0000000,5267.0000000,5108.0000000,5259.0000000,384297
20120420,000000,5222.0000000,5347.0000000,5215.0000000,5335.0000000,249953
20120423,000000,5310.0000000,5330.0000000,5125.0000000,5141.0000000,266255
20120424,000000,5160.0000000,5185.0000000,5079.0000000,5125.0000000,347682
20120425,000000,5175.0000000,5175.0000000,5085.0000000,5097.0000000,206652
20120426,000000,5124.0000000,5150.0000000,5042.0000000,5085.0000000,263624
20120427,000000,5085.0000000,5205.0000000,5056.0000000,5185.0000000,250286
20120428,000000,5200.0000000,5235.0000000,5176.0000000,5208.0000000,104296
20120502,000000,5231.0000000,5274.0000000,5156.0000000,5171.0000000,187962
20120503,000000,5177.0000000,5229.0000000,5120.0000000,5162.0000000,149956
20120504,000000,5150.0000000,5155.0000000,4890.0000000,4933.0000000,338964
20120505,000000,4906.0000000,4997.0000000,4902.0000000,4904.0000000,84999
20120507,000000,4850.0000000,4962.0000000,4780.0000000,4916.0000000,118877
20120508,000000,4924.0000000,4990.0000000,4890.0000000,4940.0000000,145246
20120510,000000,4924.0000000,5053.0000000,4920.0000000,5001.0000000,365275
20120511,000000,4958.0000000,5003.0000000,4905.0000000,5003.0000000,252338
20120512,000000,4980.0000000,5025.0000000,4961.0000000,5018.0000000,51876
20120514,000000,4966.0000000,5009.0000000,4860.0000000,4900.0000000,337840
20120515,000000,4898.0000000,4994.0000000,4847.0000000,4925.0000000,286453
20120516,000000,4873.0000000,5110.0000000,4820.0000000,5070.0000000,451598
20120517,000000,5075.0000000,5147.0000000,4920.0000000,4933.0000000,464022
20120518,000000,4848.0000000,5025.0000000,4750.0000000,4957.0000000,408425
20120521,000000,4978.0000000,5050.0000000,4887.0000000,5041.0000000,202360
20120522,000000,5070.0000000,5073.0000000,4950.0000000,4992.0000000,256641
20120523,000000,4943.0000000,4972.0000000,4816.0000000,4893.0000000,296969
20120524,000000,4930.0000000,4947.0000000,4791.0000000,4901.0000000,283376
20120525,000000,4751.0000000,4818.0000000,4725.0000000,4778.0000000,250916
20120528,000000,4811.0000000,4847.0000000,4756.0000000,4781.0000000,126642
20120529,000000,4811.0000000,4939.0000000,4802.0000000,4923.0000000,244044
20120530,000000,4900.0000000,4913.0000000,4825.0000000,4865.0000000,255509
20120531,000000,4861.0000000,4996.0000000,4861.0000000,4928.0000000,350537
20120601,000000,4940.0000000,5010.0000000,4751.0000000,4843.0000000,322322
20120604,000000,4767.0000000,4980.0000000,4706.0000000,4910.0000000,316596
20120605,000000,4967.0000000,4991.0000000,4851.0000000,4880.0000000,179518
20120606,000000,4927.0000000,4940.0000000,4855.0000000,4901.0000000,215430
20120607,000000,4938.0000000,5100.0000000,4857.0000000,5081.0000000,402754
20120608,000000,5040.0000000,5095.0000000,4977.0000000,5020.0000000,285751
20120609,000000,5055.0000000,5087.0000000,5035.0000000,5057.0000000,53628
20120613,000000,5076.0000000,5140.0000000,5002.0000000,5037.0000000,208831
20120614,000000,5025.0000000,5120.0000000,5005.0000000,5117.0000000,148619
20120615,000000,5136.0000000,5250.0000000,5110.0000000,5223.0000000,426492
20120618,000000,5270.0000000,5300.0000000,5220.0000000,5294.0000000,285764
20120619,000000,5275.0000000,5389.0000000,5262.0000000,5321.0000000,337022
20120620,000000,5337.0000000,5342.0000000,5242.0000000,5299.0000000,184816
20120621,000000,5256.0000000,5333.0000000,5176.0000000,5239.0000000,244611
20120622,000000,5150.0000000,5272.0000000,5145.0000000,5241.0000000,221319
20120625,000000,5238.0000000,5264.0000000,5162.0000000,5218.0000000,192035
20120626,000000,5218.0000000,5340.0000000,5218.0000000,5299.0000000,274130
20120627,000000,5319.0000000,5425.0000000,5306.0000000,5403.0000000,343435
20120628,000000,5413.0000000,5423.0000000,5341.0000000,5346.0000000,408655
20120629,000000,5380.0000000,5454.0000000,5376.0000000,5376.0000000,375250
20120702,000000,5379.0000000,5454.0000000,5355.0000000,5392.0000000,220328
20120703,000000,5429.0000000,5479.0000000,5367.0000000,5375.0000000,374804
20120704,000000,5389.0000000,5394.0000000,5316.0000000,5342.0000000,214536
20120705,000000,5334.0000000,5410.0000000,5275.0000000,5347.0000000,308184
20120706,000000,5332.0000000,5379.0000000,5252.0000000,5335.0000000,214302
20120709,000000,5337.0000000,5356.0000000,5278.0000000,5299.0000000,158695
20120710,000000,5293.0000000,5344.0000000,5265.0000000,5288.0000000,170262
20120711,000000,5280.0000000,5286.0000000,5186.0000000,5213.0000000,205594
20120712,000000,5235.0000000,5294.0000000,5176.0000000,5264.0000000,209668
20120713,000000,5305.0000000,5350.0000000,5271.0000000,5297.0000000,194400
20120716,000000,5320.0000000,5321.0000000,5210.0000000,5237.0000000,212121
20120717,000000,5252.0000000,5260.0000000,5151.0000000,5167.0000000,280009
20120718,000000,5195.0000000,5197.0000000,5070.0000000,5089.0000000,196646
20120719,000000,5115.0000000,5178.0000000,5070.0000000,5140.0000000,232005
20120720,000000,5127.0000000,5145.0000000,5085.0000000,5095.0000000,120429
20120723,000000,5070.0000000,5094.0000000,4921.0000000,4960.0000000,347808
20120724,000000,5004.0000000,5015.0000000,4929.0000000,4961.0000000,216861
20120725,000000,4940.0000000,5080.0000000,4905.0000000,4930.0000000,257685
20120726,000000,4950.0000000,5012.0000000,4910.0000000,4980.0000000,208410
20120727,000000,5010.0000000,5067.0000000,5000.0000000,5039.0000000,173049
20120730,000000,5074.0000000,5149.0000000,5070.0000000,5103.0000000,176092
20120731,000000,5119.0000000,5134.0000000,4977.0000000,5002.0000000,161413
20120801,000000,5000.0000000,5090.0000000,4982.0000000,5045.0000000,116796
20120802,000000,5025.0000000,5170.0000000,4991.0000000,5035.0000000,285364
20120803,000000,5015.0000000,5123.0000000,5007.0000000,5095.0000000,159395
20120806,000000,5113.0000000,5167.0000000,5065.0000000,5097.0000000,214228
20120807,000000,5125.0000000,5180.0000000,5075.0000000,5161.0000000,231984
20120808,000000,5144.0000000,5169.0000000,5115.0000000,5116.0000000,134695
20120809,000000,5135.0000000,5170.0000000,5060.0000000,5130.0000000,205626
20120810,000000,5109.0000000,5147.0000000,5015.0000000,5070.0000000,204169
20120813,000000,5070.0000000,5100.0000000,5027.0000000,5053.0000000,204116
20120814,000000,5061.0000000,5095.0000000,5041.0000000,5078.0000000,132825
20120815,000000,5075.0000000,5079.0000000,4993.0000000,5025.0000000,155551
20120816,000000,5045.0000000,5063.0000000,4954.0000000,5001.0000000,155559
20120817,000000,5026.0000000,5029.0000000,4975.0000000,4991.0000000,107187
20120820,000000,4999.0000000,5015.0000000,4921.0000000,4975.0000000,209939
20120821,000000,5011.0000000,5095.0000000,4991.0000000,5041.0000000,301871
20120822,000000,4996.0000000,5020.0000000,4980.0000000,4992.0000000,148454
20120823,000000,5029.0000000,5082.0000000,5015.0000000,5039.0000000,244582
20120824,000000,5021.0000000,5043.0000000,4974.0000000,5039.0000000,224638
20120827,000000,5046.0000000,5059.0000000,5022.0000000,5033.0000000,115009
20120828,000000,5036.0000000,5079.0000000,5022.0000000,5028.0000000,165646
20120829,000000,5033.0000000,5050.0000000,4950.0000000,4950.0000000,182173
20120830,000000,4949.0000000,4979.0000000,4876.0000000,4885.0000000,257445
20120831,000000,4897.0000000,4945.0000000,4756.0000000,4774.0000000,549025
20120903,000000,4808.0000000,4849.0000000,4777.0000000,4826.0000000,258597
20120904,000000,4836.0000000,4852.0000000,4760.0000000,4787.0000000,303264
20120905,000000,4780.0000000,4810.0000000,4750.0000000,4758.0000000,176108
20120906,000000,4785.0000000,4896.0000000,4769.0000000,4882.0000000,361186
20120907,000000,4903.0000000,4994.0000000,4895.0000000,4945.0000000,557948
20120910,000000,4947.0000000,4957.0000000,4880.0000000,4920.0000000,235202
20120911,000000,4900.0000000,4949.0000000,4870.0000000,4946.0000000,262741
20120912,000000,4964.0000000,4964.0000000,4900.0000000,4905.0000000,397818
20120913,000000,4908.0000000,4918.0000000,4875.0000000,4889.0000000,226913
20120914,000000,5009.0000000,5192.0000000,4999.0000000,5175.0000000,1655666
20120917,000000,5149.0000000,5203.0000000,5110.0000000,5130.0000000,562271
20120918,000000,5105.0000000,5159.0000000,5100.0000000,5116.0000000,476449
20120919,000000,5145.0000000,5154.0000000,5020.0000000,5049.0000000,520912
20120920,000000,5020.0000000,5080.0000000,5001.0000000,5043.0000000,349462
20120921,000000,5084.0000000,5098.0000000,5006.0000000,5026.0000000,281664
20120924,000000,4997.0000000,5015.0000000,4950.0000000,4991.0000000,238141
20120925,000000,5014.0000000,5032.0000000,4972.0000000,4985.0000000,177728
20120926,000000,4940.0000000,4969.0000000,4907.0000000,4921.0000000,451577
20120927,000000,4961.0000000,4966.0000000,4908.0000000,4945.0000000,224295
20120928,000000,4984.0000000,4990.0000000,4915.0000000,4950.0000000,208678
20121001,000000,4933.0000000,5045.0000000,4926.0000000,5036.0000000,251653
20121002,000000,5047.0000000,5059.0000000,4997.0000000,5032.0000000,234649
20121003,000000,5019.0000000,5022.0000000,4932.0000000,4959.0000000,185952
20121004,000000,4968.0000000,4984.0000000,4873.0000000,4897.0000000,278343
20121005,000000,4923.0000000,4981.0000000,4917.0000000,4969.0000000,283175
20121008,000000,4944.0000000,4944.0000000,4883.0000000,4923.0000000,157464
20121009,000000,4946.0000000,4948.0000000,4900.0000000,4900.0000000,183858
20121010,000000,4881.0000000,4882.0000000,4792.0000000,4820.0000000,367366
20121011,000000,4804.0000000,4852.0000000,4781.0000000,4828.0000000,221912
20121012,000000,4839.0000000,4839.0000000,4788.0000000,4806.0000000,235476
20121015,000000,4803.0000000,4832.0000000,4801.0000000,4819.0000000,152493
20121016,000000,4837.0000000,4890.0000000,4826.0000000,4870.0000000,279640
20121017,000000,4882.0000000,4900.0000000,4854.0000000,4897.0000000,228031
20121018,000000,4897.0000000,4912.0000000,4814.0000000,4835.0000000,257761
20121019,000000,4840.0000000,4840.0000000,4792.0000000,4804.0000000,195148
20121022,000000,4787.0000000,4818.0000000,4760.0000000,4818.0000000,187820
20121023,000000,4833.0000000,4839.0000000,4751.0000000,4821.0000000,412874
20121024,000000,4831.0000000,4900.0000000,4831.0000000,4840.0000000,335198
20121025,000000,4846.0000000,4870.0000000,4821.0000000,4838.0000000,132594
20121026,000000,4814.0000000,4829.0000000,4765.0000000,4770.0000000,172501
20121029,000000,4780.0000000,4796.0000000,4752.0000000,4780.0000000,140737
20121030,000000,4780.0000000,4815.0000000,4761.0000000,4775.0000000,112934
20121031,000000,4828.0000000,4895.0000000,4797.0000000,4830.0000000,370982
20121101,000000,4820.0000000,4869.0000000,4802.0000000,4858.0000000,226251
20121102,000000,4873.0000000,4903.0000000,4831.0000000,4871.0000000,345293
20121106,000000,4853.0000000,4916.0000000,4852.0000000,4887.0000000,267885
20121107,000000,4906.0000000,4915.0000000,4790.0000000,4805.0000000,235423
20121108,000000,4761.0000000,4828.0000000,4760.0000000,4820.0000000,255133
20121109,000000,4819.0000000,4850.0000000,4809.0000000,4844.0000000,207552
20121112,000000,4856.0000000,4869.0000000,4810.0000000,4815.0000000,252935
20121113,000000,4800.0000000,4811.0000000,4633.0000000,4659.0000000,317530
20121114,000000,4679.0000000,4684.0000000,4502.0000000,4614.0000000,311609
20121115,000000,4574.0000000,4690.0000000,4562.0000000,4620.0000000,255581
20121116,000000,4596.0000000,4639.0000000,4586.0000000,4619.0000000,239373
20121119,000000,4667.0000000,4667.0000000,4621.0000000,4630.0000000,160099
20121120,000000,4649.0000000,4653.0000000,4624.0000000,4650.0000000,190983
20121121,000000,4637.0000000,4720.0000000,4628.0000000,4690.0000000,234337
20121122,000000,4691.0000000,4716.0000000,4670.0000000,4695.0000000,106878
20121123,000000,4700.0000000,4719.0000000,4638.0000000,4681.0000000,197857
20121126,000000,4699.0000000,4763.0000000,4605.0000000,4652.0000000,395828
20121127,000000,4710.0000000,4710.0000000,4619.0000000,4631.0000000,199178
20121128,000000,4627.0000000,4726.0000000,4610.0000000,4700.0000000,281140
20121129,000000,4740.0000000,4793.0000000,4692.0000000,4706.0000000,959740
20121130,000000,4707.0000000,4860.0000000,4705.0000000,4811.0000000,609822
20121203,000000,4824.0000000,4847.0000000,4765.0000000,4811.0000000,294715
20121204,000000,4801.0000000,4885.0000000,4800.0000000,4876.0000000,487568
20121205,000000,4898.0000000,5195.0000000,4889.0000000,5184.0000000,1318799
20121206,000000,5199.0000000,5360.0000000,5190.0000000,5330.0000000,970005
20121207,000000,5336.0000000,5356.0000000,5257.0000000,5300.0000000,407845
20121210,000000,5300.0000000,5426.0000000,5294.0000000,5380.0000000,603863
20121211,000000,5356.0000000,5360.0000000,5201.0000000,5265.0000000,852443
20121212,000000,5317.0000000,5396.0000000,5305.0000000,5379.0000000,403616
20121213,000000,5375.0000000,5380.0000000,5311.0000000,5358.0000000,292109
20121214,000000,5358.0000000,5393.0000000,5341.0000000,5372.0000000,222638
20121217,000000,5383.0000000,5585.0000000,5378.0000000,5581.0000000,761536
20121218,000000,5620.0000000,5697.0000000,5587.0000000,5630.0000000,679514
20121219,000000,5656.0000000,5683.0000000,5579.0000000,5683.0000000,339732
20121220,000000,5662.0000000,5776.0000000,5603.0000000,5750.0000000,593140
20121221,000000,5687.0000000,5731.0000000,5642.0000000,5690.0000000,350213
20121224,000000,5691.0000000,5700.0000000,5624.0000000,5629.0000000,139558
20121225,000000,5628.0000000,5695.0000000,5602.0000000,5660.0000000,116364
20121226,000000,5661.0000000,5665.0000000,5582.0000000,5644.0000000,116107
20121227,000000,5631.0000000,5687.0000000,5616.0000000,5626.0000000,127800
20121228,000000,5635.0000000,5638.0000000,5600.0000000,5603.0000000,174028
20130108,000000,5694.0000000,5756.0000000,5665.0000000,5741.0000000,191641
20130109,000000,5743.0000000,5884.0000000,5726.0000000,5880.0000000,330997
20130110,000000,5934.0000000,6035.0000000,5903.0000000,5935.0000000,490137
20130111,000000,5940.0000000,5945.0000000,5861.0000000,5930.0000000,207811
20130114,000000,5950.0000000,6006.0000000,5940.0000000,6000.0000000,257344
20130115,000000,5991.0000000,6023.0000000,5933.0000000,5958.0000000,483440
20130116,000000,5968.0000000,5998.0000000,5935.0000000,5980.0000000,346465
20130117,000000,5982.0000000,6020.0000000,5942.0000000,5956.0000000,257574
20130118,000000,5977.0000000,6032.0000000,5973.0000000,6032.0000000,356152
20130121,000000,6029.0000000,6130.0000000,6029.0000000,6070.0000000,298105
20130122,000000,6085.0000000,6092.0000000,5953.0000000,5984.0000000,280560
20130123,000000,5989.0000000,6115.0000000,5955.0000000,6101.0000000,415072
20130124,000000,6066.0000000,6095.0000000,6010.0000000,6038.0000000,258466
20130125,000000,6038.0000000,6084.0000000,6012.0000000,6060.0000000,148130
20130128,000000,6091.0000000,6105.0000000,5978.0000000,6015.0000000,256823
20130129,000000,6020.0000000,6025.0000000,5955.0000000,5980.0000000,215371
20130130,000000,5990.0000000,6049.0000000,5955.0000000,5984.0000000,327339
20130131,000000,5967.0000000,6007.0000000,5950.0000000,5986.0000000,238653
20130201,000000,5992.0000000,6025.0000000,5951.0000000,5976.0000000,152171
20130204,000000,5985.0000000,5989.0000000,5911.0000000,5935.0000000,181289
20130205,000000,5935.0000000,5969.0000000,5863.0000000,5969.0000000,240624
20130206,000000,5975.0000000,6005.0000000,5924.0000000,5947.0000000,277542
20130207,000000,5940.0000000,5965.0000000,5903.0000000,5935.0000000,166522
20130208,000000,5953.0000000,5953.0000000,5850.0000000,5871.0000000,139329
20130211,000000,5873.0000000,5915.0000000,5855.0000000,5897.0000000,116889
20130212,000000,5897.0000000,5911.0000000,5835.0000000,5841.0000000,112988
20130213,000000,5855.0000000,5894.0000000,5788.0000000,5875.0000000,254239
20130214,000000,5867.0000000,5870.0000000,5656.0000000,5677.0000000,447353
20130215,000000,5657.0000000,5664.0000000,5538.0000000,5550.0000000,405018
20130218,000000,5551.0000000,5588.0000000,5520.0000000,5530.0000000,249993
20130219,000000,5539.0000000,5691.0000000,5535.0000000,5676.0000000,518186
20130220,000000,5674.0000000,5709.0000000,5553.0000000,5574.0000000,299566
20130221,000000,5496.0000000,5544.0000000,5460.0000000,5491.0000000,522437
20130222,000000,5515.0000000,5562.0000000,5465.0000000,5496.0000000,202985
20130225,000000,5505.0000000,5586.0000000,5485.0000000,5577.0000000,147481
20130226,000000,5489.0000000,5555.0000000,5482.0000000,5487.0000000,196234
20130227,000000,5505.0000000,5577.0000000,5488.0000000,5517.0000000,271519
20130228,000000,5566.0000000,5566.0000000,5385.0000000,5404.0000000,333370
20130301,000000,5388.0000000,5399.0000000,5329.0000000,5347.0000000,206420
20130304,000000,5333.0000000,5362.0000000,5260.0000000,5285.0000000,250775
20130305,000000,5310.0000000,5438.0000000,5306.0000000,5430.0000000,414791
20130306,000000,5462.0000000,5492.0000000,5418.0000000,5485.0000000,278255
20130307,000000,5484.0000000,5505.0000000,5436.0000000,5465.0000000,146856
20130311,000000,5490.0000000,5543.0000000,5477.0000000,5494.0000000,199465
20130312,000000,5514.0000000,5514.0000000,5418.0000000,5438.0000000,218700
20130313,000000,5419.0000000,5471.0000000,5290.0000000,5315.0000000,488230
20130314,000000,5330.0000000,5357.0000000,5298.0000000,5333.0000000,206813
20130315,000000,5363.0000000,5409.0000000,5275.0000000,5275.0000000,275452
20130318,000000,5205.0000000,5223.0000000,5052.0000000,5169.0000000,465966
20130319,000000,5194.0000000,5260.0000000,5120.0000000,5164.0000000,357518
20130320,000000,5173.0000000,5237.0000000,5122.0000000,5195.0000000,273826
20130321,000000,5222.0000000,5238.0000000,5161.0000000,5175.0000000,213295
20130322,000000,5127.0000000,5185.0000000,5108.0000000,5159.0000000,170280
20130325,000000,5200.0000000,5241.0000000,5014.0000000,5055.0000000,392680
20130326,000000,5080.0000000,5145.0000000,5048.0000000,5125.0000000,317080
20130327,000000,5137.0000000,5170.0000000,5080.0000000,5139.0000000,163360
20130328,000000,5130.0000000,5247.0000000,5123.0000000,5240.0000000,247943
20130329,000000,5250.0000000,5267.0000000,5230.0000000,5249.0000000,57170
20130401,000000,5224.0000000,5288.0000000,5185.0000000,5201.0000000,104146
20130402,000000,5190.0000000,5263.0000000,5187.0000000,5263.0000000,146179
20130403,000000,5254.0000000,5297.0000000,5214.0000000,5251.0000000,178545
20130404,000000,5211.0000000,5369.0000000,5195.0000000,5269.0000000,292816
20130405,000000,5270.0000000,5297.0000000,5205.0000000,5223.0000000,185810
20130408,000000,5239.0000000,5292.0000000,5155.0000000,5165.0000000,170585
20130409,000000,5200.0000000,5322.0000000,5195.0000000,5306.0000000,215177
20130410,000000,5317.0000000,5393.0000000,5259.0000000,5330.0000000,213014
20130411,000000,5344.0000000,5350.0000000,5166.0000000,5192.0000000,194214
20130412,000000,5191.0000000,5192.0000000,5081.0000000,5159.0000000,258367
20130415,000000,5100.0000000,5130.0000000,4963.0000000,4980.0000000,410596
20130416,000000,4991.0000000,5039.0000000,4900.0000000,4907.0000000,250230
20130417,000000,4924.0000000,4948.0000000,4771.0000000,4831.0000000,325977
20130418,000000,4816.0000000,5018.0000000,4805.0000000,4909.0000000,519421
20130419,000000,4953.0000000,5017.0000000,4925.0000000,4998.0000000,172569
20130422,000000,5021.0000000,5084.0000000,4962.0000000,4997.0000000,252932
20130423,000000,4977.0000000,4989.0000000,4906.0000000,4938.0000000,200420
20130424,000000,4945.0000000,5095.0000000,4931.0000000,5095.0000000,362728
20130425,000000,5117.0000000,5149.0000000,5000.0000000,5055.0000000,332386
20130426,000000,5107.0000000,5247.0000000,5105.0000000,5237.0000000,479791
20130429,000000,5242.0000000,5340.0000000,5207.0000000,5222.0000000,416083
20130430,000000,5232.0000000,5279.0000000,5122.0000000,5160.0000000,451542
20130502,000000,4811.0000000,4867.0000000,4706.0000000,4740.0000000,394280
20130503,000000,4770.0000000,4822.0000000,4745.0000000,4815.0000000,158458
20130506,000000,4832.0000000,4915.0000000,4805.0000000,4832.0000000,353260
20130507,000000,4825.0000000,4920.0000000,4811.0000000,4902.0000000,237363
20130508,000000,4919.0000000,4969.0000000,4832.0000000,4934.0000000,209271
20130510,000000,4937.0000000,4959.0000000,4893.0000000,4929.0000000,148961
20130513,000000,4917.0000000,4925.0000000,4781.0000000,4816.0000000,353001
20130514,000000,4816.0000000,4881.0000000,4780.0000000,4820.0000000,241311
20130515,000000,4842.0000000,4850.0000000,4685.0000000,4710.0000000,239603
20130516,000000,4747.0000000,4749.0000000,4584.0000000,4588.0000000,341589
20130517,000000,4599.0000000,4678.0000000,4566.0000000,4662.0000000,203165
20130520,000000,4681.0000000,4700.0000000,4591.0000000,4613.0000000,201501
20130521,000000,4624.0000000,4735.0000000,4581.0000000,4720.0000000,259843
20130522,000000,4716.0000000,4847.0000000,4706.0000000,4816.0000000,352723
20130523,000000,4699.0000000,4725.0000000,4614.0000000,4643.0000000,373111
20130524,000000,4663.0000000,4680.0000000,4585.0000000,4604.0000000,206528
20130527,000000,4630.0000000,4679.0000000,4593.0000000,4617.0000000,102157
20130528,000000,4637.0000000,4761.0000000,4635.0000000,4739.0000000,236229
20130529,000000,4713.0000000,4730.0000000,4625.0000000,4640.0000000,185218
20130530,000000,4650.0000000,4710.0000000,4618.0000000,4698.0000000,186200
20130531,000000,4700.0000000,4736.0000000,4583.0000000,4645.0000000,308340
20130603,000000,4616.0000000,4701.0000000,4565.0000000,4627.0000000,303658
20130604,000000,4641.0000000,4700.0000000,4616.0000000,4678.0000000,189169
20130605,000000,4641.0000000,4660.0000000,4537.0000000,4564.0000000,289762
20130606,000000,4545.0000000,4625.0000000,4536.0000000,4565.0000000,242098
20130607,000000,4600.0000000,4698.0000000,4595.0000000,4677.0000000,232269
20130610,000000,4682.0000000,4710.0000000,4620.0000000,4642.0000000,190501
20130611,000000,4628.0000000,4667.0000000,4432.0000000,4465.0000000,435101
20130613,000000,4381.0000000,4405.0000000,4282.0000000,4385.0000000,344160
