20100111,000000,1744.3200000,1771.0000000,1736.6000000,1750.9800000,2143628
20100112,000000,1739.9800000,1756.8800000,1707.5000000,1719.8200000,1927095
20100113,000000,1704.3000000,1734.0000000,1698.6000000,1709.4400000,1778784
20100114,000000,1720.4800000,1732.0000000,1703.0300000,1726.8000000,1992898
20100115,000000,1717.0000000,1754.1300000,1712.1300000,1731.9500000,2007059
20100118,000000,1722.5000000,1755.0000000,1715.0000000,1745.0000000,1477961
20100119,000000,1743.0000000,1752.4000000,1722.0100000,1749.0000000,1722037
20100120,000000,1747.0000000,1781.8400000,1721.0100000,1726.9000000,2879915
20100121,000000,1739.0500000,1741.5000000,1695.1200000,1699.9800000,2659311
20100122,000000,1690.5900000,1692.8800000,1640.0000000,1675.9900000,2831989
20100125,000000,1657.4000000,1689.5000000,1651.6000000,1675.0000000,2315176
20100126,000000,1654.3200000,1659.8000000,1619.0000000,1631.3700000,2378802
20100127,000000,1628.1100000,1662.8700000,1598.5000000,1638.9600000,2823432
20100128,000000,1651.0000000,1679.9000000,1641.0000000,1656.1000000,2354490
20100129,000000,1635.0100000,1686.7300000,1632.9000000,1686.7300000,2161063
20100201,000000,1670.1100000,1689.7900000,1643.0000000,1685.3000000,1626654
20100202,000000,1699.9000000,1711.7100000,1687.0100000,1711.0000000,2024260
20100203,000000,1727.8900000,1733.3800000,1691.0300000,1694.8800000,2418490
20100204,000000,1694.0000000,1700.8600000,1645.5100000,1661.0600000,2149360
20100205,000000,1629.0000000,1644.0000000,1600.0200000,1617.0400000,3100969
20100208,000000,1616.0000000,1634.6100000,1575.0000000,1580.0600000,2855359
20100209,000000,1620.0000000,1627.0000000,1577.3000000,1594.2900000,2462674
20100210,000000,1607.2100000,1611.9900000,1556.3600000,1563.0400000,2253760
20100211,000000,1583.3300000,1584.5000000,1543.0200000,1554.0000000,2145289
20100212,000000,1568.5000000,1576.0000000,1515.0000000,1517.0000000,2335497
20100215,000000,1520.0000000,1554.0000000,1515.1100000,1547.5500000,1271625
20100216,000000,1561.8900000,1588.0000000,1558.7000000,1583.7500000,2116924
20100217,000000,1591.0000000,1595.1000000,1563.3300000,1566.0100000,1710729
20100218,000000,1566.0700000,1575.0000000,1534.8000000,1563.0900000,2349069
20100219,000000,1537.0000000,1590.0000000,1535.0000000,1589.8800000,2201357
20100224,000000,1578.9400000,1589.0000000,1551.1100000,1566.8300000,1444289
20100225,000000,1558.0000000,1572.7600000,1530.7700000,1548.8800000,1427248
20100226,000000,1570.0000000,1585.0000000,1545.3100000,1579.8500000,1701059
20100227,000000,1587.7400000,1589.0700000,1573.0000000,1574.0000000,461193
20100301,000000,1587.0000000,1610.0000000,1571.0000000,1602.3700000,2216655
20100302,000000,1598.0000000,1624.0000000,1591.5000000,1622.5000000,2123222
20100303,000000,1616.4000000,1637.0600000,1596.0000000,1624.1600000,2232128
20100304,000000,1618.0000000,1650.2300000,1613.0100000,1626.0000000,2110491
20100305,000000,1633.3900000,1648.0000000,1624.0000000,1641.8600000,2009971
20100309,000000,1634.1200000,1639.4700000,1593.0000000,1603.0000000,2675591
20100310,000000,1598.8800000,1619.0200000,1575.2500000,1576.0000000,3254863
20100311,000000,1573.0000000,1597.3000000,1566.0400000,1580.0000000,2011445
20100312,000000,1589.9200000,1613.3300000,1583.0700000,1603.6600000,1898917
20100315,000000,1593.6400000,1607.7700000,1586.3000000,1590.8800000,1495194
20100316,000000,1595.9800000,1636.0000000,1591.2200000,1633.1400000,2322422
20100317,000000,1649.0000000,1715.0200000,1645.0000000,1690.7500000,5904207
20100318,000000,1680.7500000,1727.4100000,1672.5000000,1704.1000000,3632525
20100319,000000,1708.8900000,1717.3700000,1678.5000000,1688.2500000,2507506
20100322,000000,1671.0000000,1696.0000000,1650.1700000,1689.9600000,2572428
20100323,000000,1699.8000000,1719.0300000,1650.0300000,1664.0000000,4117323
20100324,000000,1664.0000000,1670.0000000,1631.0000000,1648.9500000,4427513
20100325,000000,1638.7700000,1653.0000000,1624.4400000,1631.1000000,2986720
20100326,000000,1631.0400000,1657.6000000,1622.5000000,1646.0000000,1761752
20100329,000000,1645.0000000,1680.0000000,1636.9400000,1674.1000000,1200032
20100330,000000,1682.0000000,1686.0400000,1658.2200000,1665.0000000,2027413
20100331,000000,1660.9900000,1688.1500000,1659.0600000,1670.5000000,2042229
20100401,000000,1684.9900000,1700.8000000,1675.4900000,1696.0000000,1567522
20100402,000000,1700.9500000,1713.4900000,1689.0000000,1701.0000000,1029941
20100405,000000,1712.8700000,1729.7500000,1693.6100000,1729.5000000,1356826
20100406,000000,1729.2100000,1777.0000000,1725.0100000,1767.6700000,3733586
20100407,000000,1771.0000000,1773.2000000,1735.0000000,1750.6300000,2359790
20100408,000000,1739.0000000,1747.8400000,1720.0000000,1728.8300000,1955674
20100409,000000,1741.5800000,1754.0000000,1733.2000000,1740.0600000,1226686
20100412,000000,1750.1000000,1754.0000000,1730.0000000,1745.7400000,1333152
20100413,000000,1730.0000000,1744.7700000,1715.2200000,1728.9100000,1636565
20100414,000000,1739.9200000,1751.0000000,1734.0200000,1745.9600000,1794838
20100415,000000,1757.7700000,1772.1500000,1738.0500000,1765.0500000,2324885
20100416,000000,1751.9500000,1760.9900000,1724.3100000,1730.0000000,2693532
20100419,000000,1707.1000000,1710.0000000,1667.2500000,1684.1800000,3094062
20100420,000000,1696.0500000,1710.0000000,1685.2500000,1689.2000000,1758502
20100421,000000,1703.0000000,1714.0000000,1690.0000000,1698.8900000,1651129
20100422,000000,1696.0000000,1709.9300000,1671.2600000,1682.2200000,2367028
20100423,000000,1683.0000000,1711.8400000,1682.0000000,1702.8900000,1515224
20100426,000000,1716.5100000,1729.0000000,1705.0000000,1726.0000000,1324209
20100427,000000,1717.0200000,1719.8900000,1692.0000000,1705.0000000,1423939
20100428,000000,1680.0000000,1697.2000000,1667.5000000,1673.1100000,2692390
20100429,000000,1681.0000000,1690.0000000,1668.0000000,1682.0000000,1714056
20100430,000000,1683.0200000,1685.0000000,1665.0000000,1670.4800000,1678704
20100504,000000,1675.0100000,1687.4700000,1645.2500000,1650.0000000,2327339
20100505,000000,1647.0000000,1678.0000000,1632.2200000,1677.0000000,2228146
20100506,000000,1662.0000000,1672.0000000,1645.2500000,1656.5200000,1812022
20100507,000000,1618.1600000,1637.5400000,1590.0000000,1600.0200000,2288034
20100511,000000,1615.0000000,1620.6000000,1591.2500000,1605.0100000,1879117
20100512,000000,1594.7500000,1633.9900000,1587.0100000,1625.9000000,2110782
20100513,000000,1635.0000000,1652.0000000,1590.1100000,1605.7200000,2349521
20100514,000000,1594.0000000,1615.8400000,1584.0100000,1589.9600000,1933615
20100517,000000,1571.5400000,1604.0000000,1551.1100000,1580.0000000,1763690
20100518,000000,1580.9800000,1589.0000000,1555.2500000,1558.1200000,1899520
20100519,000000,1542.7500000,1551.0000000,1519.1100000,1523.5000000,2288745
20100520,000000,1531.0000000,1549.7700000,1470.2500000,1475.0000000,3135707
20100521,000000,1480.0000000,1498.0000000,1450.0000000,1474.9300000,3023892
20100524,000000,1485.0000000,1502.7300000,1463.5000000,1477.1100000,1381446
20100525,000000,1439.7800000,1447.0000000,1400.0100000,1400.9300000,1932825
20100526,000000,1428.0300000,1468.0000000,1421.0100000,1451.3100000,2079658
20100527,000000,1460.0600000,1515.9600000,1453.1100000,1503.9900000,2607230
20100528,000000,1509.4200000,1514.0000000,1461.1000000,1476.7800000,2080249
20100531,000000,1482.0000000,1527.4400000,1474.0000000,1523.0600000,1044621
20100601,000000,1508.0000000,1517.9000000,1476.1000000,1508.1000000,2108600
20100602,000000,1492.5200000,1552.0000000,1486.8300000,1549.9300000,2582968
20100603,000000,1572.8900000,1603.9900000,1565.5600000,1591.0000000,2326736
20100604,000000,1591.5000000,1653.0000000,1584.0000000,1621.9700000,4273688
20100607,000000,1573.0300000,1630.0000000,1570.1500000,1615.0000000,2291593
20100608,000000,1634.5000000,1641.9800000,1576.0000000,1595.0000000,2673769
20100609,000000,1610.5500000,1626.3500000,1594.0000000,1605.7000000,1905942
20100610,000000,1605.7000000,1673.8000000,1592.2200000,1671.9500000,3975200
20100611,000000,1672.5800000,1690.0000000,1650.3000000,1680.0000000,2627309
20100615,000000,1675.0000000,1699.6900000,1654.4000000,1697.1800000,2011376
20100616,000000,1701.7000000,1734.0000000,1691.2500000,1713.0000000,3113218
20100617,000000,1708.0000000,1733.0000000,1657.5000000,1662.9500000,3361226
20100618,000000,1670.0500000,1673.6800000,1635.0000000,1653.1100000,2217953
20100621,000000,1683.0000000,1705.0000000,1678.1000000,1695.2000000,1590430
20100622,000000,1679.3000000,1699.8600000,1673.3000000,1685.0000000,1315557
20100623,000000,1674.5000000,1723.8900000,1670.4300000,1700.0000000,1955021
20100624,000000,1710.0000000,1715.0000000,1682.0000000,1685.9900000,1520285
20100625,000000,1687.8800000,1713.0000000,1676.0100000,1701.3400000,1947589
20100628,000000,1707.1700000,1725.0000000,1676.2000000,1685.0000000,1629272
20100629,000000,1674.7200000,1680.0000000,1642.0000000,1648.3500000,2050691
20100630,000000,1654.6900000,1662.0200000,1611.6200000,1615.0000000,1774478
20100701,000000,1603.9400000,1604.0000000,1550.0000000,1550.0900000,2395948
20100702,000000,1572.0000000,1595.0000000,1546.3000000,1586.4000000,1567723
20100705,000000,1585.0000000,1608.5000000,1573.2300000,1584.7900000,1059165
20100706,000000,1601.0000000,1611.8700000,1590.1200000,1604.0000000,1303144
20100707,000000,1590.0000000,1605.2500000,1581.0000000,1600.7000000,1516848
20100708,000000,1625.5500000,1628.0000000,1593.9200000,1596.9400000,1248657
20100709,000000,1605.5500000,1612.9500000,1578.0000000,1591.9400000,811735
20100712,000000,1591.0000000,1638.3000000,1581.1200000,1625.2300000,1191819
20100713,000000,1620.0100000,1664.9900000,1616.0100000,1659.0000000,1053197
20100714,000000,1669.9100000,1674.0000000,1623.0000000,1631.8200000,1449137
20100715,000000,1647.0100000,1651.0000000,1607.0000000,1609.7000000,1448843
20100716,000000,1616.1100000,1628.3700000,1588.1500000,1592.0000000,1151792
20100719,000000,1587.4900000,1616.1600000,1584.3100000,1593.0400000,962380
20100720,000000,1601.0000000,1610.6400000,1576.0000000,1593.0000000,1173565
20100721,000000,1602.0000000,1643.8000000,1602.0000000,1637.0400000,1429017
20100722,000000,1625.9900000,1672.0000000,1619.6000000,1670.0000000,1322788
20100723,000000,1674.6500000,1690.0000000,1662.3700000,1680.0000000,1068063
20100726,000000,1690.5000000,1701.9400000,1678.5600000,1694.9800000,1071926
20100727,000000,1694.9800000,1718.8500000,1686.9200000,1690.2400000,1295276
20100728,000000,1699.8600000,1754.0000000,1675.2000000,1749.9900000,4742971
20100729,000000,1760.0000000,1782.5900000,1748.2000000,1759.0500000,2384963
20100730,000000,1749.9600000,1758.9500000,1711.1100000,1720.0000000,1502040
20100802,000000,1740.0900000,1749.7500000,1716.6500000,1724.9200000,1535870
20100803,000000,1736.0100000,1737.5000000,1684.3700000,1693.5000000,1883478
20100804,000000,1689.0000000,1701.8900000,1677.0100000,1684.4700000,1441638
20100805,000000,1688.0000000,1717.3400000,1681.6000000,1700.0000000,1344633
20100806,000000,1707.9800000,1715.0000000,1687.1200000,1696.0000000,1169999
20100809,000000,1708.1800000,1724.9000000,1700.4000000,1706.0500000,1073355
20100810,000000,1695.8000000,1704.0000000,1665.0100000,1674.6700000,1370153
20100811,000000,1659.0000000,1669.5000000,1647.1200000,1657.0000000,1513005
20100812,000000,1649.9500000,1679.0000000,1647.0200000,1660.0000000,1241291
20100813,000000,1669.9000000,1671.9500000,1650.0000000,1650.0900000,1213529
20100816,000000,1658.2600000,1659.3800000,1636.0000000,1650.0000000,970053
20100817,000000,1656.0000000,1664.4900000,1645.0400000,1652.0100000,1141204
20100818,000000,1652.1000000,1654.6000000,1640.1600000,1650.0000000,795781
20100819,000000,1660.0000000,1675.2000000,1637.0000000,1637.0700000,1436319
20100820,000000,1643.9100000,1650.0000000,1621.0000000,1645.8700000,1741579
20100823,000000,1649.0000000,1654.0000000,1629.4500000,1644.0000000,1112414
20100824,000000,1633.9900000,1640.0000000,1625.0000000,1630.0000000,982455
20100825,000000,1630.0000000,1649.6800000,1629.0900000,1638.3000000,993752
20100826,000000,1654.2900000,1664.0000000,1644.0000000,1652.9900000,830786
20100827,000000,1646.9900000,1673.9900000,1641.1300000,1668.0000000,1014956
20100830,000000,1679.8900000,1682.9900000,1651.0000000,1655.0800000,727150
20100831,000000,1636.6000000,1647.8400000,1626.1800000,1629.9900000,1311412
20100901,000000,1638.8900000,1659.0000000,1616.7700000,1656.1800000,1631429
20100902,000000,1655.0000000,1676.5700000,1650.0500000,1676.0000000,1199679
20100903,000000,1677.0000000,1686.9200000,1660.7800000,1674.0100000,1118997
20100906,000000,1680.0200000,1683.9900000,1661.8000000,1669.9400000,520829
20100907,000000,1662.0000000,1677.7700000,1655.1900000,1671.0000000,1105933
20100908,000000,1663.2400000,1691.0000000,1663.0000000,1678.0000000,1031671
20100909,000000,1685.0000000,1723.8900000,1676.6100000,1715.0000000,1563408
20100910,000000,1714.6700000,1720.0000000,1700.0000000,1713.0000000,866689
20100913,000000,1726.5400000,1733.7100000,1705.0000000,1713.5100000,1023553
20100914,000000,1706.1200000,1718.9800000,1697.3900000,1703.0000000,1208518
20100915,000000,1699.0000000,1724.0000000,1690.3200000,1720.9800000,1408753
20100916,000000,1715.0700000,1733.0000000,1707.0000000,1721.2000000,1152124
20100917,000000,1735.0000000,1739.0000000,1697.0100000,1702.0000000,1087290
20100920,000000,1707.9900000,1728.5000000,1703.0300000,1728.2700000,815791
20100921,000000,1730.0000000,1753.0000000,1721.0500000,1743.3000000,1648226
20100922,000000,1742.0000000,1809.9800000,1734.0000000,1798.0500000,4370140
20100923,000000,1803.0000000,1814.9400000,1773.2600000,1797.0000000,2393473
20100924,000000,1797.9900000,1808.2800000,1775.0000000,1802.0000000,1847309
20100927,000000,1820.0000000,1821.0000000,1723.1200000,1728.9600000,3411692
20100928,000000,1720.0000000,1755.0000000,1692.0000000,1724.8500000,3828704
20100929,000000,1732.9900000,1738.0600000,1706.0200000,1708.1700000,1253287
20100930,000000,1712.8300000,1740.3100000,1708.1300000,1733.0400000,1668208
20101001,000000,1729.7300000,1765.0000000,1725.0600000,1749.0000000,1823905
20101004,000000,1750.0000000,1761.0000000,1727.5000000,1740.0100000,1286354
20101005,000000,1740.0100000,1758.4300000,1725.2500000,1754.1000000,1445622
20101006,000000,1764.4000000,1784.0000000,1747.5000000,1760.5800000,1880001
20101007,000000,1765.0000000,1765.0000000,1741.3000000,1742.9500000,1042367
20101008,000000,1740.0000000,1748.0000000,1714.0200000,1728.5000000,1461084
20101011,000000,1740.0000000,1752.0000000,1734.2400000,1750.0000000,964259
20101012,000000,1736.0500000,1766.9900000,1731.5000000,1757.5000000,1158977
20101013,000000,1765.5000000,1791.0000000,1764.0000000,1785.0000000,1956565
20101014,000000,1794.0000000,1798.0000000,1781.0100000,1797.0000000,1287925
20101015,000000,1790.2100000,1826.7000000,1777.0000000,1785.0000000,2894117
20101018,000000,1772.3000000,1783.9200000,1760.0300000,1780.1000000,1496634
20101019,000000,1780.0000000,1792.9900000,1740.0000000,1751.1300000,1544703
20101020,000000,1745.0100000,1754.0000000,1726.6900000,1745.8100000,1322673
20101021,000000,1750.0000000,1774.9400000,1732.4000000,1758.4900000,1768720
20101022,000000,1750.3000000,1769.0000000,1734.0000000,1735.0000000,1506662
20101025,000000,1750.8000000,1756.8000000,1739.0000000,1740.7300000,972103
20101026,000000,1740.0000000,1754.0000000,1730.0000000,1740.8500000,1067033
20101027,000000,1737.9000000,1753.2900000,1727.7500000,1730.9900000,1263633
20101028,000000,1736.4000000,1740.0500000,1707.5000000,1709.0500000,1385073
20101029,000000,1708.6800000,1735.1500000,1706.2100000,1734.1300000,1052034
20101101,000000,1737.9900000,1756.6600000,1730.1000000,1750.0000000,1288236
20101102,000000,1749.5000000,1765.0000000,1742.1200000,1758.0000000,836752
20101103,000000,1761.5000000,1776.0000000,1746.0100000,1754.8800000,1279474
20101108,000000,1777.7000000,1790.1500000,1765.0500000,1772.0000000,1164373
20101109,000000,1771.0000000,1802.5800000,1769.2800000,1800.0000000,1609534
20101110,000000,1789.8700000,1795.4700000,1761.5500000,1769.0700000,1210973
20101111,000000,1778.0000000,1780.1200000,1749.8800000,1756.0000000,1024633
20101112,000000,1743.9000000,1756.1000000,1736.8800000,1741.5400000,1275747
20101113,000000,1740.0000000,1740.0000000,1727.2700000,1731.1000000,378176
20101115,000000,1739.0000000,1763.0000000,1722.9700000,1748.3400000,1553835
20101116,000000,1737.0000000,1742.9500000,1719.0000000,1719.0000000,1123671
20101117,000000,1717.0000000,1730.1200000,1710.0000000,1724.9000000,1529797
20101118,000000,1731.3000000,1734.6000000,1721.5900000,1732.0000000,1427956
20101119,000000,1732.0000000,1749.0000000,1723.0000000,1745.6400000,1094060
20101122,000000,1748.9100000,1760.2300000,1717.7000000,1722.0000000,1474923
20101123,000000,1716.2000000,1718.9400000,1697.0000000,1701.0000000,1926595
20101124,000000,1707.0700000,1733.0000000,1691.0000000,1727.0000000,2010563
20101125,000000,1729.0000000,1740.0000000,1719.8100000,1723.0000000,1096932
20101126,000000,1720.3000000,1732.2300000,1702.2900000,1713.3500000,1467546
20101129,000000,1717.5700000,1722.0000000,1680.0100000,1682.9000000,1827813
20101130,000000,1695.8900000,1744.9000000,1694.9800000,1735.0000000,3116734
20101201,000000,1741.2000000,1797.0000000,1738.0000000,1790.0300000,3390518
20101202,000000,1800.0000000,1813.9700000,1784.3000000,1798.0100000,2228644
20101203,000000,1795.0000000,1835.0700000,1792.1600000,1812.0000000,2116444
20101206,000000,1816.0000000,1851.0100000,1813.0100000,1846.7800000,2330549
20101207,000000,1851.0000000,1874.0000000,1812.9000000,1816.0000000,2389931
20101208,000000,1808.8100000,1830.9900000,1775.0000000,1779.4900000,1959427
20101209,000000,1801.0000000,1801.0000000,1747.0000000,1785.2300000,4538189
20101210,000000,1783.0000000,1789.6700000,1765.4400000,1770.0000000,1817883
20101213,000000,1776.9300000,1787.0000000,1757.4400000,1761.8800000,1835282
20101214,000000,1763.0000000,1765.0000000,1728.0000000,1743.4000000,2380540
20101215,000000,1738.0000000,1768.6300000,1733.3300000,1757.8000000,2525319
20101216,000000,1745.5200000,1755.0000000,1737.0000000,1753.0900000,1043417
20101217,000000,1756.1500000,1766.8800000,1747.0000000,1761.9000000,1228380
20101220,000000,1761.0000000,1765.2400000,1738.0000000,1743.0000000,1220238
20101221,000000,1750.0100000,1755.0000000,1736.0100000,1751.0500000,1662865
20101222,000000,1755.0000000,1764.9000000,1745.0000000,1762.0500000,1138342
20101223,000000,1764.2600000,1768.5000000,1754.6100000,1760.8600000,822872
20101224,000000,1761.1600000,1761.5100000,1746.1100000,1752.0000000,725630
20101227,000000,1750.1800000,1750.4400000,1734.6800000,1735.7000000,428962
20101228,000000,1736.2500000,1749.7700000,1735.0100000,1742.1800000,535525
20101229,000000,1743.5200000,1753.5300000,1742.3400000,1745.0000000,611186
20101230,000000,1750.0100000,1750.9900000,1729.1000000,1742.0000000,1109440
20110111,000000,1753.8400000,1800.5100000,1753.5600000,1798.0000000,2371190
20110112,000000,1800.9300000,1870.0000000,1788.0000000,1866.0000000,3264504
20110113,000000,1866.0000000,1916.7600000,1851.0600000,1903.0000000,3856443
20110114,000000,1895.1000000,1908.6400000,1873.2000000,1893.0000000,2138777
20110117,000000,1894.0000000,1947.0000000,1893.0500000,1924.9700000,2222558
20110118,000000,1924.9900000,1944.9000000,1895.0000000,1907.0000000,2200815
20110119,000000,1918.0000000,1942.9600000,1905.1000000,1932.7000000,2356217
20110120,000000,1918.0000000,1918.4000000,1883.6700000,1894.0000000,2079151
20110121,000000,1894.0000000,1936.8400000,1875.1600000,1931.0000000,2030120
20110124,000000,1932.1200000,1932.9900000,1869.0400000,1884.0000000,1950370
20110125,000000,1891.5300000,1908.8000000,1875.4100000,1889.8800000,1655736
20110126,000000,1896.1000000,1925.5200000,1892.1100000,1896.7800000,1835020
20110127,000000,1908.0200000,1920.1500000,1859.0000000,1880.0400000,3443807
20110128,000000,1878.7900000,1886.0000000,1844.0000000,1849.0500000,2015354
20110131,000000,1840.0000000,1849.9700000,1813.8800000,1834.9900000,2239576
20110201,000000,1850.0000000,1910.0000000,1835.1400000,1904.0000000,3024620
20110202,000000,1915.0500000,1961.2300000,1912.8800000,1955.0000000,3861322
20110203,000000,1961.0000000,1981.5700000,1936.9400000,1951.0000000,2340032
20110204,000000,1961.0000000,1980.0000000,1941.0000000,1965.0000000,1922580
20110207,000000,1969.1900000,1977.7800000,1944.3100000,1977.4800000,1491447
20110208,000000,1973.9800000,1980.9800000,1933.0000000,1933.0700000,2642960
20110209,000000,1946.0200000,1948.8000000,1913.1600000,1932.0000000,1806291
20110210,000000,1931.1700000,1931.9300000,1885.0000000,1893.9800000,2147027
20110211,000000,1893.9900000,1933.0000000,1880.1900000,1932.8600000,1531994
20110214,000000,1941.0000000,1943.7000000,1904.2300000,1912.9900000,1271740
20110215,000000,1908.9700000,1929.8900000,1884.4200000,1894.9000000,1489733
20110216,000000,1902.3700000,1920.0000000,1884.0000000,1915.9600000,1167929
20110217,000000,1919.7900000,1933.0000000,1902.8300000,1908.8000000,1651642
20110218,000000,1911.1300000,1926.8300000,1905.0200000,1923.1700000,1122018
20110221,000000,1925.0000000,1966.0000000,1916.0000000,1956.7100000,1588365
20110222,000000,1957.1000000,1976.0000000,1935.2100000,1948.8600000,1843359
20110224,000000,1972.0000000,2019.1800000,1955.5600000,1993.0000000,4338011
20110225,000000,2000.9500000,2007.0000000,1975.2900000,2006.0100000,2228797
20110228,000000,2003.2200000,2047.9900000,1991.2300000,2038.0300000,2504915
20110301,000000,2048.1000000,2055.3000000,2017.5000000,2030.0000000,1787767
20110302,000000,2020.0000000,2039.5000000,2002.0000000,2017.0000000,1670634
20110303,000000,2030.0000000,2068.0000000,2022.0000000,2035.0000000,2059624
20110304,000000,2046.0000000,2049.8000000,2013.8000000,2049.1000000,1801221
20110305,000000,2049.0000000,2068.7000000,2045.5000000,2065.5000000,548618
20110309,000000,2074.9000000,2090.0000000,2026.2000000,2042.1000000,2368319
20110310,000000,2044.0000000,2044.0000000,1980.0000000,1983.5000000,2949556
20110311,000000,1972.1000000,2019.0000000,1970.2000000,1991.5000000,2071746
20110314,000000,1980.2000000,2015.0000000,1971.0000000,1975.4000000,2040893
20110315,000000,1951.1000000,1972.0000000,1921.9000000,1927.7000000,3286199
20110316,000000,1945.7000000,1979.0000000,1929.0000000,1934.8000000,2990723
20110317,000000,1940.7000000,2002.0000000,1935.0000000,1989.0000000,2993319
20110318,000000,2005.3000000,2023.0000000,1990.0000000,2012.0000000,2577818
20110321,000000,2027.0000000,2029.8000000,2005.2000000,2012.0000000,1205794
20110322,000000,2010.1000000,2010.1000000,1958.6000000,1971.0000000,2428744
20110323,000000,1964.1000000,2019.0000000,1961.5000000,2016.3000000,1962582
20110324,000000,2022.0000000,2051.0000000,2017.6000000,2051.0000000,3169737
20110325,000000,2051.0000000,2051.0000000,2025.3000000,2046.3000000,1708238
20110328,000000,2043.9000000,2049.0000000,2014.1000000,2027.5000000,1130281
20110329,000000,2022.3000000,2025.5000000,1976.7000000,1995.0000000,2548708
20110330,000000,2008.0000000,2035.0000000,2005.0000000,2032.5000000,2349142
20110331,000000,2032.6000000,2036.9000000,2011.5000000,2032.7000000,1657949
20110401,000000,2030.3000000,2065.8000000,2025.1000000,2057.0000000,2376879
20110404,000000,2062.7000000,2068.0000000,2045.0000000,2059.9000000,2539343
20110405,000000,2062.4000000,2076.9000000,2027.2000000,2050.1000000,2053214
20110406,000000,2049.0000000,2084.1000000,2043.1000000,2070.0000000,2589073
20110407,000000,2058.4000000,2061.1000000,2034.8000000,2035.2000000,1955573
20110408,000000,2054.9000000,2061.9000000,2038.0000000,2047.1000000,1827111
20110411,000000,2048.1000000,2054.9000000,2012.0000000,2027.6000000,1590555
20110412,000000,2007.7000000,2008.9000000,1971.1000000,1980.0000000,2169804
20110413,000000,1982.0000000,1995.4000000,1961.6000000,1992.1000000,1725875
20110414,000000,1988.1000000,1988.1000000,1938.1000000,1951.2000000,2008934
20110415,000000,1952.1000000,1986.3000000,1942.3000000,1965.0000000,1607644
20110418,000000,1961.3000000,1969.0000000,1883.1000000,1899.9000000,2305023
20110419,000000,1910.7000000,1950.0000000,1905.4000000,1949.9000000,1687553
20110420,000000,1959.0000000,1978.0000000,1951.1000000,1973.0000000,1877692
20110421,000000,1985.0000000,1990.0000000,1945.3000000,1953.9000000,1612317
20110422,000000,1967.0000000,1971.1000000,1947.2000000,1954.1000000,911499
20110425,000000,1960.9000000,1984.3000000,1935.0000000,1939.6000000,1946034
20110426,000000,1927.7000000,1943.6000000,1903.5000000,1918.0000000,1848886
20110427,000000,1935.0000000,1935.8000000,1883.7000000,1900.0000000,1747252
20110428,000000,1923.4000000,1923.7000000,1891.4000000,1904.0000000,1336263
20110429,000000,1905.0000000,1905.0000000,1883.0000000,1895.1000000,798944
20110503,000000,1891.0000000,1909.9000000,1862.0000000,1868.0000000,1585575
20110504,000000,1865.9000000,1879.5000000,1817.1000000,1828.7000000,2481453
20110505,000000,1835.0000000,1842.6000000,1798.0000000,1806.7000000,2170883
20110506,000000,1789.0000000,1863.5000000,1773.6000000,1863.5000000,2493436
20110510,000000,1820.9000000,1850.0000000,1792.1000000,1803.3000000,3332970
20110511,000000,1812.7000000,1826.8000000,1774.0000000,1777.5000000,2421262
20110512,000000,1767.0000000,1767.2000000,1715.0000000,1723.8000000,2852653
20110513,000000,1738.1000000,1751.3000000,1719.1000000,1733.4000000,1652267
20110516,000000,1716.2000000,1740.6000000,1697.1000000,1738.9000000,2019108
20110517,000000,1752.0000000,1764.0000000,1730.0000000,1742.0000000,2134155
20110518,000000,1761.5000000,1768.7000000,1723.1000000,1744.9000000,1919378
20110519,000000,1751.0000000,1768.1000000,1736.1000000,1747.0000000,1394935
20110520,000000,1747.0000000,1757.6000000,1702.4000000,1711.2000000,1843612
20110523,000000,1695.0000000,1709.5000000,1680.0000000,1702.9000000,1899815
20110524,000000,1715.7000000,1734.6000000,1699.3000000,1720.0000000,1461292
20110525,000000,1704.0000000,1750.0000000,1685.0000000,1749.5000000,1772985
20110526,000000,1760.0000000,1762.0000000,1721.4000000,1728.4000000,1798592
20110527,000000,1744.0000000,1766.3000000,1731.3000000,1757.4000000,1956492
20110530,000000,1757.4000000,1764.0000000,1750.4000000,1753.0000000,715878
20110531,000000,1764.8000000,1899.0000000,1762.5000000,1850.0000000,2648881
20110601,000000,1814.0000000,1827.8000000,1766.1000000,1768.5000000,3247313
20110602,000000,1752.0000000,1785.0000000,1745.1000000,1785.0000000,1927201
20110603,000000,1778.0000000,1802.0000000,1743.2000000,1744.5000000,2359320
20110606,000000,1748.0000000,1765.5000000,1723.3000000,1759.0000000,1573888
20110607,000000,1760.0000000,1796.0000000,1746.1000000,1795.8000000,1630144
20110608,000000,1785.3000000,1802.0000000,1749.2000000,1788.0000000,2329556
20110609,000000,1795.7000000,1809.0000000,1768.1000000,1800.0000000,2138698
20110610,000000,1800.8000000,1808.0000000,1782.0000000,1785.1000000,1962424
20110614,000000,1793.3000000,1799.6000000,1771.0000000,1771.9000000,1352991
20110615,000000,1775.0000000,1797.3000000,1761.0000000,1774.0000000,2616784
20110616,000000,1757.5000000,1774.0000000,1745.9000000,1773.0000000,1786402
20110617,000000,1770.0000000,1773.9000000,1738.1000000,1740.0000000,1584498
20110620,000000,1734.0000000,1739.0000000,1725.3000000,1737.9000000,1449758
20110621,000000,1742.0000000,1755.7000000,1733.5000000,1738.0000000,1097431
20110622,000000,1738.0000000,1764.0000000,1730.0000000,1754.0000000,1433703
20110623,000000,1743.4000000,1750.0000000,1711.5000000,1720.0000000,1993683
20110624,000000,1732.0000000,1767.6000000,1727.3000000,1745.9000000,1547189
20110627,000000,1735.0000000,1749.4000000,1720.0000000,1746.5000000,1466895
20110628,000000,1755.0000000,1777.7000000,1747.0000000,1762.0000000,1709577
20110629,000000,1767.0000000,1774.5000000,1756.0000000,1757.0000000,1155177
20110630,000000,1764.8000000,1777.3000000,1747.7000000,1777.3000000,1374664
20110701,000000,1777.0000000,1800.9000000,1769.0000000,1793.0000000,1913222
20110704,000000,1799.9000000,1810.0000000,1781.0000000,1803.9000000,908381
20110705,000000,1799.2000000,1820.9000000,1791.5000000,1804.7000000,1109439
20110706,000000,1810.0000000,1816.4000000,1781.3000000,1789.8000000,1215182
20110707,000000,1803.8000000,1847.5000000,1790.4000000,1837.5000000,1977944
20110708,000000,1839.2000000,1860.0000000,1819.3000000,1827.1000000,1820801
20110711,000000,1823.0000000,1848.8000000,1802.5000000,1803.9000000,1442111
20110712,000000,1798.0000000,1817.8000000,1785.1000000,1808.4000000,2532625
20110713,000000,1809.0000000,1823.0000000,1797.1000000,1822.0000000,1587619
20110714,000000,1812.9000000,1848.0000000,1801.0000000,1837.0000000,1764319
20110715,000000,1826.7000000,1846.1000000,1812.7000000,1838.1000000,1669393
20110718,000000,1838.1000000,1855.0000000,1805.0000000,1810.0000000,1504425
20110719,000000,1815.1000000,1834.6000000,1806.2000000,1826.1000000,1418875
20110720,000000,1835.0000000,1843.7000000,1820.7000000,1823.0000000,1048966
20110721,000000,1824.0000000,1873.0000000,1810.3000000,1872.0000000,2327080
20110722,000000,1874.9000000,1880.0000000,1860.0000000,1875.0000000,1611039
20110725,000000,1861.0000000,1884.4000000,1846.0000000,1878.0000000,1427538
20110726,000000,1877.4000000,1888.0000000,1858.8000000,1871.4000000,1077149
20110727,000000,1871.0000000,1880.5000000,1842.0000000,1846.4000000,1352550
20110728,000000,1846.4000000,1866.1000000,1842.1000000,1858.7000000,1110253
20110729,000000,1854.8000000,1854.8000000,1825.0000000,1848.0000000,1589059
20110801,000000,1872.0000000,1887.5000000,1854.4000000,1860.0000000,1667918
20110802,000000,1855.2000000,1866.1000000,1827.1000000,1835.0000000,1701273
20110803,000000,1814.9000000,1818.1000000,1770.8000000,1785.0000000,2529137
20110804,000000,1792.5000000,1793.8000000,1737.2000000,1740.0000000,2688723
20110805,000000,1698.6000000,1736.1000000,1675.0000000,1710.1000000,3662022
20110808,000000,1665.1000000,1712.5000000,1655.0000000,1669.0000000,3557473
20110809,000000,1633.5000000,1705.0000000,1565.0000000,1674.9000000,5230660
20110810,000000,1703.0000000,1703.0000000,1570.0000000,1590.0000000,3422883
20110811,000000,1619.0000000,1648.6000000,1505.1000000,1615.0000000,4256287
20110812,000000,1632.6000000,1659.0000000,1591.0000000,1619.7000000,3225382
20110815,000000,1639.7000000,1667.9000000,1625.5000000,1667.0000000,1549588
20110816,000000,1638.0000000,1640.0000000,1595.2000000,1628.0000000,2081420
20110817,000000,1631.0000000,1661.0000000,1606.1000000,1652.9000000,1873531
20110818,000000,1629.0000000,1637.0000000,1600.0000000,1632.0000000,2729323
20110819,000000,1600.1000000,1636.5000000,1568.0000000,1630.0000000,3585789
20110822,000000,1609.8000000,1647.8000000,1600.2000000,1626.2000000,1819289
20110823,000000,1640.0000000,1673.8000000,1630.2000000,1672.0000000,2541981
20110824,000000,1675.0000000,1693.0000000,1654.2000000,1686.0000000,2052572
20110825,000000,1685.5000000,1704.0000000,1645.0000000,1652.8000000,2164071
20110826,000000,1659.6000000,1680.0000000,1635.0000000,1680.0000000,2274692
20110829,000000,1697.0000000,1749.0000000,1696.4000000,1738.9000000,2473747
20110830,000000,1741.0000000,1741.4000000,1710.0000000,1728.7000000,2136224
20110831,000000,1740.0000000,1747.0000000,1725.9000000,1739.2000000,2038396
20110901,000000,1738.0000000,1741.5000000,1708.0000000,1738.0000000,2110779
20110902,000000,1717.0000000,1733.9000000,1701.0000000,1706.5000000,1646431
20110905,000000,1694.8000000,1724.4000000,1685.0000000,1697.8000000,1772419
20110906,000000,1691.1000000,1726.5000000,1686.5000000,1722.1000000,1901655
20110907,000000,1739.9000000,1775.7000000,1736.6000000,1770.3000000,2069292
20110908,000000,1773.1000000,1776.5000000,1736.5000000,1760.0000000,2366724
20110909,000000,1752.0000000,1752.0000000,1709.6000000,1727.0000000,2139485
20110912,000000,1698.2000000,1723.9000000,1681.3000000,1723.8000000,2260443
20110913,000000,1731.7000000,1739.9000000,1705.2000000,1708.4000000,2494261
20110914,000000,1703.3000000,1751.0000000,1696.3000000,1727.0000000,2179285
20110915,000000,1742.8000000,1782.4000000,1733.0000000,1733.0000000,4734992
20110916,000000,1742.1000000,1753.4000000,1715.4000000,1725.3000000,2155487
20110919,000000,1715.0000000,1748.0000000,1702.2000000,1741.7000000,1998498
20110920,000000,1740.0000000,1776.9000000,1736.0000000,1770.2000000,1851191
20110921,000000,1769.5000000,1781.4000000,1756.9000000,1767.8000000,1562163
20110922,000000,1742.0000000,1748.9000000,1591.2000000,1595.1000000,5599822
20110923,000000,1595.0000000,1616.7000000,1500.1000000,1537.1000000,5902429
20110926,000000,1509.9000000,1610.0000000,1500.0000000,1575.6000000,4119079
20110927,000000,1623.9000000,1634.0000000,1600.1000000,1606.3000000,2796450
20110928,000000,1593.9000000,1634.0000000,1590.2000000,1617.3000000,2676131
20110929,000000,1601.5000000,1672.0000000,1595.0000000,1653.8000000,2843802
20110930,000000,1650.5000000,1668.7000000,1574.8000000,1637.6000000,3225977
20111003,000000,1605.9000000,1647.8000000,1591.5000000,1605.0000000,3007091
20111004,000000,1589.9000000,1616.5000000,1517.0000000,1550.0000000,3464553
20111005,000000,1581.0000000,1599.7000000,1530.0000000,1547.1000000,2848474
20111006,000000,1570.0000000,1614.0000000,1565.9000000,1591.4000000,2483008
20111007,000000,1608.3000000,1638.3000000,1594.0000000,1618.7000000,2607741
20111010,000000,1630.0000000,1673.8000000,1605.0000000,1670.0000000,2263185
20111011,000000,1676.1000000,1676.8000000,1640.2000000,1664.0000000,2242496
20111012,000000,1665.0000000,1698.0000000,1655.0000000,1686.5000000,2233124
20111013,000000,1689.0000000,1699.5000000,1651.4000000,1666.8000000,2968356
20111014,000000,1671.5000000,1712.2000000,1653.8000000,1712.0000000,2377271
20111017,000000,1720.6000000,1724.3000000,1658.4000000,1675.0000000,3063065
20111018,000000,1666.0000000,1727.0000000,1649.7000000,1725.7000000,3035405
20111019,000000,1724.2000000,1730.0000000,1689.0000000,1707.4000000,2585214
20111020,000000,1684.5000000,1712.8000000,1676.4000000,1701.3000000,1934848
20111021,000000,1707.0000000,1746.9000000,1690.0000000,1746.0000000,1954715
20111024,000000,1750.0000000,1783.6000000,1734.2000000,1777.9000000,2363990
20111025,000000,1776.9000000,1779.6000000,1742.0000000,1756.7000000,1978690
20111026,000000,1757.4000000,1794.6000000,1750.1000000,1770.0000000,2585707
20111027,000000,1792.5000000,1804.0000000,1751.2000000,1759.0000000,3324124
20111028,000000,1774.9000000,1780.0000000,1741.2000000,1761.0000000,2566524
20111031,000000,1747.5000000,1771.7000000,1745.0000000,1758.1000000,1749638
20111101,000000,1742.4000000,1766.0000000,1732.4000000,1740.0000000,2703973
20111102,000000,1742.4000000,1769.2000000,1742.4000000,1760.0000000,2140439
20111103,000000,1751.0000000,1770.0000000,1717.5000000,1766.0000000,2560950
20111107,000000,1771.0000000,1809.0000000,1758.2000000,1805.0000000,1844768
20111108,000000,1804.5000000,1818.5000000,1783.8000000,1800.0000000,2267722
20111109,000000,1809.5000000,1810.0000000,1755.0000000,1764.7000000,2861997
20111110,000000,1752.9000000,1786.7000000,1737.0000000,1785.7000000,2549244
20111111,000000,1789.9000000,1795.0000000,1726.3000000,1735.3000000,3374900
20111114,000000,1753.9000000,1762.0000000,1720.0000000,1720.3000000,1774231
20111115,000000,1722.3000000,1751.0000000,1696.1000000,1742.1000000,3004487
20111116,000000,1731.8000000,1759.7000000,1726.4000000,1741.1000000,2209427
20111117,000000,1740.0000000,1758.0000000,1714.0000000,1742.6000000,2189352
20111118,000000,1721.0000000,1739.1000000,1700.5000000,1713.9000000,2263277
20111121,000000,1700.5000000,1701.7000000,1640.2000000,1647.9000000,2710349
20111122,000000,1640.0000000,1670.0000000,1638.2000000,1651.0000000,1999009
20111123,000000,1640.0000000,1682.3000000,1623.7000000,1659.0000000,2032212
20111124,000000,1654.4000000,1667.0000000,1631.0000000,1633.0000000,1345209
20111125,000000,1625.0000000,1649.0000000,1585.1000000,1644.8000000,2266752
20111128,000000,1665.1000000,1715.1000000,1650.9000000,1713.7000000,2189820
20111129,000000,1717.5000000,1729.5000000,1685.6000000,1692.0000000,1566265
20111130,000000,1700.2000000,1729.4000000,1692.6000000,1722.0000000,3104925
20111201,000000,1734.1000000,1749.0000000,1695.3000000,1704.0000000,2793607
20111202,000000,1708.0000000,1714.0000000,1690.0000000,1705.0000000,2423186
20111205,000000,1713.3000000,1734.5000000,1706.2000000,1729.0000000,1532305
20111206,000000,1718.7000000,1737.0000000,1658.4000000,1674.5000000,2773264
20111207,000000,1678.0000000,1678.7000000,1640.0000000,1658.0000000,2342462
20111208,000000,1665.0000000,1714.3000000,1662.8000000,1689.7000000,2804451
20111209,000000,1653.2000000,1662.3000000,1593.1000000,1615.0000000,3260193
20111212,000000,1623.9000000,1644.0000000,1576.0000000,1587.7000000,2133949
20111213,000000,1590.0000000,1626.2000000,1569.7000000,1623.1000000,2665362
20111214,000000,1607.6000000,1641.5000000,1601.0000000,1606.0000000,2584620
20111215,000000,1592.6000000,1630.0000000,1586.0000000,1623.4000000,3526712
20111216,000000,1631.7000000,1648.0000000,1601.6000000,1602.7000000,1859383
20111219,000000,1601.3000000,1642.7000000,1591.6000000,1633.0000000,1641743
20111220,000000,1628.9000000,1654.0000000,1618.5000000,1654.0000000,1270388
20111221,000000,1660.1000000,1667.0000000,1622.7000000,1634.9000000,2325570
20111222,000000,1638.8000000,1648.0000000,1609.6000000,1635.0000000,1092909
20111223,000000,1637.9000000,1664.0000000,1619.1000000,1641.1000000,1410346
20111226,000000,1648.0000000,1656.5000000,1642.0000000,1650.0000000,392731
20111227,000000,1653.0000000,1656.0000000,1632.0000000,1655.1000000,741000
20111228,000000,1653.0000000,1678.9000000,1640.0000000,1673.1000000,1563785
20111229,000000,1660.0000000,1686.0000000,1658.6000000,1685.1000000,1098295
20111230,000000,1689.1000000,1710.0000000,1680.1000000,1701.0000000,971917
20120103,000000,1712.0000000,1732.0000000,1712.0000000,1731.0000000,1135017
20120104,000000,1730.1000000,1735.0000000,1711.0000000,1722.1000000,658758
20120105,000000,1726.0000000,1734.8000000,1711.5000000,1723.2000000,740779
20120106,000000,1722.8000000,1747.0000000,1719.0000000,1738.4000000,812355
20120109,000000,1735.0000000,1759.5000000,1726.0000000,1754.3000000,646043
20120110,000000,1759.6000000,1797.0000000,1757.5000000,1783.7000000,1799532
20120111,000000,1779.8000000,1793.1000000,1772.6000000,1782.0000000,1335735
20120112,000000,1782.0000000,1792.6000000,1761.1000000,1761.1000000,1252339
20120113,000000,1761.2000000,1771.0000000,1744.5000000,1751.2000000,1702572
20120116,000000,1744.0000000,1772.0000000,1730.6000000,1768.2000000,1073434
20120117,000000,1780.2000000,1802.5000000,1778.0000000,1795.0000000,1725078
20120118,000000,1791.2000000,1815.0000000,1781.3000000,1808.0000000,1519338
20120119,000000,1817.8000000,1824.7000000,1801.0000000,1820.0000000,1470102
20120120,000000,1822.0000000,1824.2000000,1796.3000000,1806.0000000,1248613
20120123,000000,1806.2000000,1815.8000000,1796.9000000,1815.4000000,1363109
20120124,000000,1809.2000000,1811.0000000,1779.0000000,1783.0000000,1881215
20120125,000000,1791.0000000,1792.0000000,1773.0000000,1780.0000000,1730457
20120126,000000,1790.0000000,1793.9000000,1766.4000000,1768.0000000,1963762
20120127,000000,1764.4000000,1775.9000000,1761.3000000,1765.0000000,1231185
20120130,000000,1758.9000000,1779.0000000,1757.0000000,1769.1000000,1336248
20120131,000000,1774.6000000,1787.7000000,1756.5000000,1766.3000000,2196884
20120201,000000,1767.0000000,1794.6000000,1763.2000000,1784.0000000,1764011
20120202,000000,1790.0000000,1799.0000000,1780.1000000,1797.5000000,1803139
20120203,000000,1792.5000000,1815.2000000,1787.0000000,1814.9000000,1267385
20120206,000000,1812.9000000,1819.4000000,1802.5000000,1812.0000000,1150424
20120207,000000,1810.0000000,1816.0000000,1790.5000000,1793.5000000,1059967
20120208,000000,1801.0000000,1823.5000000,1801.0000000,1817.1000000,2232659
20120209,000000,1818.0000000,1830.0000000,1788.4000000,1806.0000000,2090050
20120210,000000,1804.0000000,1813.3000000,1795.2000000,1810.6000000,1688764
20120213,000000,1820.1000000,1849.0000000,1817.8000000,1842.7000000,1503315
20120214,000000,1840.0000000,1866.9000000,1839.9000000,1865.0000000,1480953
20120215,000000,1875.1000000,1887.0000000,1870.3000000,1880.0000000,1664769
20120216,000000,1867.0000000,1879.9000000,1850.9000000,1879.9000000,1717941
20120217,000000,1888.0000000,1888.0000000,1865.0000000,1875.1000000,1546809
20120220,000000,1881.2000000,1894.2000000,1878.3000000,1879.0000000,980062
20120221,000000,1883.6000000,1883.6000000,1834.8000000,1838.0000000,1756897
20120222,000000,1841.2000000,1848.3000000,1775.3000000,1777.2000000,3478662
20120224,000000,1796.0000000,1877.0000000,1795.7000000,1872.1000000,3729790
20120227,000000,1866.0000000,1888.0000000,1854.8000000,1865.9000000,2014886
20120228,000000,1873.4000000,1877.0000000,1828.0000000,1831.0000000,2072607
20120229,000000,1841.8000000,1878.0000000,1836.4000000,1875.1000000,1898078
20120301,000000,1865.7000000,1883.2000000,1845.0000000,1870.5000000,3018206
20120302,000000,1875.5000000,1898.7000000,1859.2000000,1892.0000000,2069063
20120305,000000,1894.9000000,1922.9000000,1890.0000000,1909.0000000,2034275
20120306,000000,1900.9000000,1906.0000000,1841.1000000,1843.9000000,2301478
20120307,000000,1838.2000000,1858.8000000,1825.5000000,1850.0000000,1798281
20120311,000000,1880.0000000,1889.0000000,1862.9000000,1883.1000000,807804
20120312,000000,1873.9000000,1916.4000000,1862.8000000,1895.9000000,2280975
20120313,000000,1901.6000000,1924.5000000,1892.0000000,1915.4000000,1768082
20120314,000000,1934.9000000,1937.0000000,1911.2000000,1921.8000000,2067891
20120315,000000,1918.2000000,1943.6000000,1906.0000000,1924.9000000,3811491
20120316,000000,1916.7000000,1924.4000000,1893.4000000,1898.2000000,1763460
20120319,000000,1914.4000000,1914.7000000,1858.5000000,1862.1000000,1912603
20120320,000000,1870.0000000,1874.4000000,1840.3000000,1848.9000000,1880580
20120321,000000,1853.7000000,1863.4000000,1834.0000000,1842.2000000,2001738
20120322,000000,1845.0000000,1854.9000000,1810.0000000,1820.1000000,2256426
20120323,000000,1825.5000000,1837.7000000,1794.4000000,1834.7000000,1488784
20120326,000000,1836.2000000,1866.4000000,1820.0000000,1850.0000000,1719876
20120327,000000,1858.6000000,1859.8000000,1839.1000000,1846.5000000,1521105
20120328,000000,1838.3000000,1847.9000000,1800.0000000,1803.0000000,2269007
20120329,000000,1800.0000000,1807.0000000,1760.0000000,1778.6000000,2119207
20120330,000000,1784.6000000,1803.1000000,1772.0000000,1781.4000000,2257374
20120402,000000,1791.0000000,1799.7000000,1768.5000000,1775.0000000,1793637
20120403,000000,1787.3000000,1829.0000000,1782.6000000,1820.4000000,1993938
20120404,000000,1809.6000000,1818.1000000,1764.2000000,1783.2000000,2419270
20120405,000000,1787.5000000,1809.0000000,1772.0000000,1801.4000000,1862441
20120406,000000,1802.3000000,1809.0000000,1759.6000000,1771.0000000,1323337
20120409,000000,1769.0000000,1799.8000000,1751.3000000,1790.0000000,1666974
20120410,000000,1795.4000000,1813.8000000,1779.0000000,1785.0000000,2079065
20120411,000000,1776.9000000,1835.0000000,1774.0000000,1814.1000000,2778306
20120412,000000,1824.0000000,1825.0000000,1791.0000000,1812.0000000,2301003
20120413,000000,1817.8000000,1827.3000000,1807.5000000,1811.0000000,2179424
20120416,000000,1803.1000000,1824.0000000,1778.1000000,1785.1000000,2409437
20120417,000000,1789.0000000,1798.2000000,1770.5000000,1777.7000000,1969090
20120418,000000,1786.0000000,1793.4000000,1771.0000000,1775.8000000,1411818
20120419,000000,1775.8000000,1807.5000000,1772.0000000,1799.0000000,2580141
20120420,000000,1791.2000000,1815.0000000,1773.6000000,1812.7000000,2343568
20120423,000000,1806.8000000,1807.0000000,1765.0000000,1775.0000000,2343580
20120424,000000,1778.1000000,1782.0000000,1755.0000000,1768.5000000,1427616
20120425,000000,1774.8000000,1777.7000000,1765.2000000,1766.0000000,1245885
20120426,000000,1774.7000000,1774.7000000,1750.2000000,1756.0000000,1335794
20120427,000000,1754.0000000,1792.0000000,1751.1000000,1791.7000000,1573148
20120428,000000,1790.5000000,1800.0000000,1787.2000000,1794.3000000,189015
20120502,000000,1801.5000000,1819.5000000,1768.7000000,1771.8000000,1442631
20120503,000000,1780.0000000,1787.8000000,1766.5000000,1775.4000000,911898
20120504,000000,1769.1000000,1770.1000000,1710.0000000,1720.0000000,2218401
20120505,000000,1720.0000000,1726.0000000,1711.0000000,1712.2000000,319634
20120507,000000,1699.9000000,1733.6000000,1666.7000000,1716.4000000,789725
20120508,000000,1724.8000000,1734.0000000,1671.0000000,1705.0000000,945091
20120510,000000,1693.8000000,1767.8000000,1693.7000000,1745.0000000,2515675
20120511,000000,1730.0000000,1738.5000000,1715.1000000,1735.0000000,1832013
20120512,000000,1670.1000000,1691.0000000,1661.7000000,1687.0000000,768986
20120514,000000,1683.8000000,1687.0000000,1633.9000000,1643.0000000,1684657
20120515,000000,1648.2000000,1689.7000000,1635.3000000,1688.9000000,2306826
20120516,000000,1671.2000000,1681.0000000,1646.1000000,1657.0000000,1635669
20120517,000000,1661.0000000,1668.0000000,1590.0000000,1590.8000000,2496729
20120518,000000,1559.1000000,1627.0000000,1546.5000000,1593.7000000,2340764
20120521,000000,1602.0000000,1640.3000000,1581.0000000,1640.0000000,1638903
20120522,000000,1650.0000000,1651.0000000,1611.3000000,1629.0000000,1738301
20120523,000000,1609.0000000,1622.0000000,1585.5000000,1601.0000000,2012156
20120524,000000,1606.9000000,1654.9000000,1600.0000000,1645.8000000,1799020
20120525,000000,1640.3000000,1657.0000000,1633.7000000,1639.4000000,1417393
20120528,000000,1647.0000000,1678.6000000,1646.0000000,1667.0000000,1229561
20120529,000000,1681.4000000,1739.3000000,1681.0000000,1724.9000000,2284058
20120530,000000,1719.9000000,1720.0000000,1685.6000000,1702.6000000,1852091
20120531,000000,1698.2000000,1735.2000000,1698.0000000,1720.0000000,1840938
20120601,000000,1721.0000000,1753.9000000,1715.0000000,1741.9000000,2840745
20120604,000000,1729.5000000,1758.5000000,1720.0000000,1733.0000000,2056451
20120605,000000,1743.0000000,1748.4000000,1695.1000000,1714.8000000,1925995
20120606,000000,1721.0000000,1736.2000000,1691.3000000,1730.5000000,2513426
20120607,000000,1736.0000000,1739.9000000,1689.2000000,1709.0000000,3403330
20120608,000000,1696.4000000,1726.3000000,1693.6000000,1711.7000000,2679892
20120609,000000,1713.3000000,1719.7000000,1705.0000000,1710.2000000,571219
20120613,000000,1715.0000000,1724.7000000,1702.0000000,1708.3000000,1736890
20120614,000000,1708.8000000,1720.0000000,1698.0000000,1714.0000000,981064
20120615,000000,1720.0000000,1743.0000000,1710.0000000,1737.0000000,3421104
20120618,000000,1748.0000000,1756.2000000,1731.0000000,1749.1000000,2583025
20120619,000000,1745.0000000,1765.0000000,1742.1000000,1746.3000000,2067651
20120620,000000,1749.7000000,1752.0000000,1739.1000000,1746.2000000,1149167
20120621,000000,1740.0000000,1748.8000000,1725.1000000,1737.0000000,1350525
20120622,000000,1720.0000000,1740.8000000,1713.2000000,1715.0000000,1562083
20120625,000000,1718.3000000,1719.7000000,1701.4000000,1706.8000000,1055256
20120626,000000,1717.2000000,1744.9000000,1709.0000000,1733.9000000,1053768
20120627,000000,1738.5000000,1775.8000000,1733.1000000,1773.1000000,1656513
20120628,000000,1775.8000000,1778.8000000,1758.4000000,1767.7000000,1580495
20120629,000000,1779.9000000,1805.0000000,1777.7000000,1801.7000000,2384428
20120702,000000,1803.7000000,1817.0000000,1795.8000000,1805.0000000,1357535
20120703,000000,1811.0000000,1838.4000000,1807.0000000,1831.7000000,2262325
20120704,000000,1827.0000000,1842.4000000,1818.3000000,1840.0000000,847182
20120705,000000,1832.0000000,1856.8000000,1820.6000000,1838.5000000,1609355
20120706,000000,1832.3000000,1843.9000000,1804.6000000,1825.4000000,1285791
20120709,000000,1825.6000000,1849.8000000,1814.5000000,1829.8000000,1215719
20120710,000000,1821.7000000,1830.4000000,1808.0000000,1823.8000000,1231624
20120711,000000,1817.8000000,1817.8000000,1789.4000000,1803.1000000,1441418
20120712,000000,1800.0000000,1808.0000000,1774.0000000,1803.0000000,1127077
20120713,000000,1811.0000000,1820.0000000,1800.8000000,1818.0000000,1381224
20120716,000000,1818.1000000,1841.0000000,1812.3000000,1841.0000000,927882
20120717,000000,1842.0000000,1858.7000000,1831.5000000,1855.4000000,1419464
20120718,000000,1859.0000000,1860.0000000,1833.6000000,1835.0000000,970114
20120719,000000,1846.1000000,1849.7000000,1820.0000000,1820.0000000,1673162
20120720,000000,1819.1000000,1819.1000000,1802.0000000,1804.9000000,1026996
20120723,000000,1798.6000000,1807.0000000,1783.6000000,1801.6000000,2022177
20120724,000000,1806.6000000,1807.9000000,1780.6000000,1781.0000000,1347493
20120725,000000,1780.2000000,1800.0000000,1773.2000000,1774.8000000,1317592
20120726,000000,1779.1000000,1796.5000000,1763.7000000,1789.9000000,1706183
20120727,000000,1796.0000000,1818.2000000,1788.7000000,1816.6000000,1124851
20120730,000000,1819.5000000,1845.0000000,1819.5000000,1834.8000000,1301589
20120731,000000,1834.0000000,1841.8000000,1812.2000000,1828.0000000,1247314
20120801,000000,1820.6000000,1839.5000000,1820.3000000,1836.8000000,876920
20120802,000000,1836.5000000,1860.0000000,1813.0000000,1820.0000000,1715974
20120803,000000,1816.0000000,1833.8000000,1808.0000000,1831.5000000,1356017
20120806,000000,1831.5000000,1864.0000000,1816.6000000,1847.0000000,1768142
20120807,000000,1842.3000000,1874.7000000,1836.0000000,1873.4000000,1266566
20120808,000000,1866.0000000,1879.9000000,1858.3000000,1875.0000000,849435
20120809,000000,1876.9000000,1884.5000000,1852.0000000,1877.0000000,1072084
20120810,000000,1868.3000000,1875.0000000,1850.8000000,1859.3000000,1096611
20120813,000000,1867.0000000,1894.0000000,1865.2000000,1882.0000000,1155114
20120814,000000,1897.5000000,1898.3000000,1878.2000000,1889.0000000,826330
20120815,000000,1882.0000000,1884.9000000,1852.4000000,1866.0000000,1543113
20120816,000000,1872.0000000,1878.1000000,1854.0000000,1866.2000000,919459
20120817,000000,1872.5000000,1885.0000000,1859.0000000,1871.9000000,901710
20120820,000000,1875.1000000,1878.6000000,1845.5000000,1856.1000000,1004508
20120821,000000,1864.4000000,1889.7000000,1862.0000000,1875.0000000,1358958
20120822,000000,1859.9000000,1874.1000000,1855.0000000,1871.2000000,961967
20120823,000000,1879.0000000,1897.3000000,1878.0000000,1883.6000000,1503411
20120824,000000,1874.6000000,1885.0000000,1867.7000000,1885.0000000,1076471
20120827,000000,1887.5000000,1888.9000000,1872.5000000,1883.0000000,708141
20120828,000000,1879.0000000,1890.0000000,1873.5000000,1881.0000000,1380191
20120829,000000,1884.0000000,1892.0000000,1860.6000000,1872.0000000,1203888
20120830,000000,1873.0000000,1879.7000000,1858.0000000,1872.8000000,1291710
20120831,000000,1875.0000000,1884.6000000,1829.0000000,1837.4000000,2093551
20120903,000000,1837.4000000,1864.3000000,1831.0000000,1858.6000000,969190
20120904,000000,1863.0000000,1877.0000000,1856.4000000,1873.9000000,958665
20120905,000000,1868.1000000,1878.3000000,1858.7000000,1861.6000000,929267
20120906,000000,1865.3000000,1899.0000000,1865.3000000,1891.1000000,1362115
20120907,000000,1895.9000000,1929.7000000,1892.0000000,1926.0000000,1857611
20120910,000000,1920.0000000,1940.0000000,1918.2000000,1929.1000000,1300616
20120911,000000,1924.7000000,1930.8000000,1916.1000000,1929.0000000,842616
20120912,000000,1932.0000000,1946.8000000,1921.0000000,1945.0000000,1105750
20120913,000000,1937.7000000,1941.8000000,1927.0000000,1938.0000000,824132
20120914,000000,1973.3000000,2023.9000000,1970.1000000,2011.2000000,2805660
20120917,000000,2002.1000000,2040.3000000,2002.1000000,2033.6000000,2506710
20120918,000000,2025.8000000,2045.9000000,1988.9000000,1990.0000000,1650214
20120919,000000,1997.0000000,2010.0000000,1956.0000000,1962.5000000,1656771
20120920,000000,1958.0000000,1973.8000000,1946.7000000,1961.8000000,1351004
20120921,000000,1977.0000000,1986.0000000,1943.1000000,1943.5000000,1145912
20120924,000000,1942.2000000,1951.5000000,1922.0000000,1943.5000000,882776
20120925,000000,1950.0000000,1962.3000000,1938.5000000,1940.2000000,789862
20120926,000000,1927.1000000,1935.2000000,1897.0000000,1914.5000000,1542113
20120927,000000,1920.1000000,1923.7000000,1891.8000000,1912.7000000,1018434
20120928,000000,1925.3000000,1937.0000000,1917.1000000,1922.3000000,1113478
20121001,000000,1918.6000000,1960.0000000,1918.2000000,1953.6000000,1116511
20121002,000000,1953.0000000,1973.7000000,1941.5000000,1961.5000000,880034
20121003,000000,1957.0000000,1965.7000000,1945.0000000,1955.0000000,797329
20121004,000000,1955.5000000,1960.0000000,1911.2000000,1916.8000000,1212415
20121005,000000,1928.0000000,1953.9000000,1924.4000000,1935.2000000,1199308
20121008,000000,1929.1000000,1939.9000000,1921.0000000,1933.6000000,717780
20121009,000000,1938.8000000,1961.3000000,1935.1000000,1947.7000000,1127071
20121010,000000,1942.0000000,1959.9000000,1937.0000000,1937.0000000,909415
20121011,000000,1933.3000000,1949.5000000,1930.7000000,1941.2000000,779502
20121012,000000,1942.8000000,1942.8000000,1916.6000000,1923.0000000,1135590
20121015,000000,1923.0000000,1940.0000000,1920.2000000,1926.1000000,706541
20121016,000000,1935.0000000,1953.0000000,1923.6000000,1953.0000000,1206595
20121017,000000,1952.0000000,1990.0000000,1946.6000000,1980.6000000,1599264
20121018,000000,1984.5000000,1992.7000000,1964.6000000,1988.0000000,1671011
20121019,000000,1984.2000000,1990.0000000,1967.6000000,1970.2000000,889950
20121022,000000,1966.0000000,1986.0000000,1961.0000000,1985.9000000,954604
20121023,000000,1982.7000000,1984.2000000,1931.0000000,1940.7000000,1706851
20121024,000000,1948.0000000,1950.7000000,1901.9000000,1919.6000000,1973829
20121025,000000,1921.0000000,1933.0000000,1903.6000000,1921.8000000,831743
20121026,000000,1906.0000000,1914.4000000,1874.8000000,1880.3000000,1627810
20121029,000000,1880.1000000,1902.9000000,1865.2000000,1902.9000000,649152
20121030,000000,1902.0000000,1912.1000000,1890.0000000,1899.0000000,722664
20121031,000000,1904.9000000,1928.5000000,1897.0000000,1904.0000000,827270
20121101,000000,1899.8000000,1926.8000000,1880.0000000,1922.0000000,1159825
20121102,000000,1925.0000000,1949.3000000,1921.4000000,1944.0000000,1139972
20121106,000000,1943.0000000,1962.0000000,1935.1000000,1954.0000000,1118504
20121107,000000,1959.9000000,1964.9000000,1920.2000000,1923.0000000,1237743
20121108,000000,1914.5000000,1936.8000000,1905.8000000,1936.4000000,1532914
20121109,000000,1925.0000000,1933.8000000,1907.0000000,1918.7000000,946343
20121112,000000,1917.7000000,1930.0000000,1909.1000000,1919.0000000,748593
20121113,000000,1877.3000000,1880.0000000,1845.1000000,1856.8000000,1724691
20121114,000000,1862.4000000,1868.0000000,1837.6000000,1863.0000000,1232946
20121115,000000,1852.9000000,1903.6000000,1851.2000000,1895.2000000,915900
20121116,000000,1889.0000000,1899.0000000,1865.7000000,1885.5000000,1096645
20121119,000000,1897.0000000,1910.0000000,1892.1000000,1901.3000000,543281
20121120,000000,1906.9000000,1913.8000000,1888.6000000,1910.0000000,1158586
20121121,000000,1903.0000000,1922.0000000,1901.0000000,1915.4000000,970126
20121122,000000,1915.4000000,1923.6000000,1906.3000000,1913.3000000,654969
20121123,000000,1915.0000000,1928.0000000,1908.5000000,1923.7000000,705762
20121126,000000,1924.0000000,1928.4000000,1909.1000000,1923.2000000,829104
20121127,000000,1929.0000000,1938.0000000,1907.2000000,1912.5000000,1256739
20121128,000000,1907.1000000,1921.4000000,1887.2000000,1890.0000000,929657
20121129,000000,1906.0000000,1907.5000000,1890.2000000,1897.1000000,764846
20121130,000000,1897.1000000,1945.6000000,1893.0000000,1939.4000000,1366242
20121203,000000,1940.2000000,1955.9000000,1936.9000000,1955.7000000,850881
20121204,000000,1947.3000000,1951.1000000,1928.2000000,1938.0000000,855103
20121205,000000,1939.8000000,1979.2000000,1939.8000000,1973.1000000,964308
20121206,000000,1969.9000000,1995.1000000,1969.3000000,1979.9000000,1131675
20121207,000000,1982.0000000,1995.5000000,1968.1000000,1993.7000000,825711
20121210,000000,1995.5000000,2009.0000000,1982.5000000,1982.7000000,949133
20121211,000000,1980.2000000,2000.4000000,1971.8000000,1998.9000000,956078
20121212,000000,2000.4000000,2021.9000000,1996.3000000,2014.4000000,1304084
20121213,000000,2012.0000000,2030.3000000,1982.5000000,1995.0000000,2178439
20121214,000000,1993.0000000,2008.6000000,1989.0000000,2003.6000000,830523
20121217,000000,2005.0000000,2013.2000000,1990.0000000,2013.2000000,1249742
20121218,000000,2022.0000000,2028.0000000,1997.8000000,2007.6000000,1176101
20121219,000000,2012.5000000,2023.1000000,2002.0000000,2007.4000000,1303797
20121220,000000,1999.0000000,2040.0000000,1991.8000000,2039.9000000,931328
20121221,000000,2020.0000000,2033.1000000,2015.0000000,2025.0000000,958115
20121224,000000,2020.0000000,2025.0000000,2005.0000000,2007.0000000,564351
20121225,000000,2008.0000000,2019.0000000,2002.0000000,2017.0000000,496315
20121226,000000,2017.0000000,2022.2000000,2012.6000000,2015.6000000,1945333
20121227,000000,2015.0000000,2020.7000000,2008.0000000,2011.0000000,567793
20121228,000000,2010.0000000,2011.1000000,1996.2000000,2000.2000000,921644
20130108,000000,2020.9000000,2038.9000000,2014.6000000,2024.6000000,951779
20130109,000000,2020.0000000,2031.4000000,2015.4000000,2026.7000000,1018812
20130110,000000,2026.7000000,2027.0000000,2004.7000000,2008.5000000,633636
20130111,000000,2004.0000000,2016.6000000,1997.2000000,2006.1000000,832851
20130114,000000,2011.8000000,2021.4000000,2001.9000000,2020.0000000,1165047
20130115,000000,2018.6000000,2018.6000000,2000.2000000,2006.0000000,559318
20130116,000000,2006.5000000,2011.0000000,1990.5000000,2007.6000000,708466
20130117,000000,2010.0000000,2020.0000000,1996.0000000,2012.7000000,940576
20130118,000000,2016.0000000,2022.0000000,2012.4000000,2017.0000000,652297
20130121,000000,2017.0000000,2019.8000000,1998.0000000,2003.0000000,413675
20130122,000000,2004.0000000,2006.3000000,1974.1000000,1983.1000000,870903
20130123,000000,1985.0000000,1990.0000000,1968.0000000,1986.0000000,675937
20130124,000000,1981.5000000,1999.3000000,1958.6000000,1999.3000000,1130750
20130125,000000,1993.8000000,2018.9000000,1991.4000000,2018.8000000,768374
20130128,000000,2019.0000000,2022.5000000,2008.4000000,2020.0000000,841805
20130129,000000,2020.0000000,2022.0000000,1994.3000000,1995.5000000,875939
20130130,000000,2004.8000000,2012.5000000,1986.6000000,1998.2000000,639571
20130131,000000,1995.0000000,2024.7000000,1994.0000000,2020.1000000,1003433
20130201,000000,2021.0000000,2026.3000000,2010.0000000,2014.5000000,826403
20130204,000000,2018.8000000,2021.0000000,2000.7000000,2007.2000000,643538
20130205,000000,1999.0000000,2017.8000000,1995.1000000,2016.1000000,453165
20130206,000000,2020.2000000,2022.9000000,1998.5000000,2004.7000000,818791
20130207,000000,2005.2000000,2009.9000000,1995.0000000,2000.4000000,669624
20130208,000000,2001.7000000,2003.7000000,1977.5000000,1991.2000000,885300
20130211,000000,1995.0000000,2008.0000000,1987.0000000,1994.3000000,511279
20130212,000000,1995.0000000,1999.0000000,1987.5000000,1990.1000000,374984
20130213,000000,1992.0000000,2026.9000000,1989.0000000,2010.2000000,1431163
20130214,000000,2012.0000000,2019.8000000,1992.1000000,2005.0000000,1081561
20130215,000000,2005.6000000,2009.0000000,1992.3000000,1999.6000000,721133
20130218,000000,2000.0000000,2003.2000000,1981.5000000,1990.8000000,584621
20130219,000000,1990.8000000,1993.1000000,1980.4000000,1984.0000000,480496
20130220,000000,1988.0000000,1988.6000000,1967.8000000,1980.0000000,757813
20130221,000000,1969.0000000,1974.8000000,1945.0000000,1974.2000000,1065811
20130222,000000,1977.5000000,1984.7000000,1966.5000000,1980.0000000,443368
20130225,000000,1980.1000000,1993.5000000,1973.0000000,1988.1000000,439245
20130226,000000,1974.7000000,1979.0000000,1964.0000000,1970.0000000,587641
20130227,000000,1972.0000000,1982.0000000,1965.5000000,1980.0000000,368952
20130228,000000,1986.0000000,1988.8000000,1950.0000000,1963.0000000,1168583
20130301,000000,1963.0000000,1974.0000000,1941.9000000,1958.6000000,1133771
20130304,000000,1956.0000000,1968.7000000,1953.5000000,1965.5000000,658273
20130305,000000,1971.1000000,1982.9000000,1958.5000000,1974.5000000,770166
20130306,000000,1976.8000000,1995.0000000,1970.5000000,1992.0000000,807601
20130307,000000,1992.4000000,2027.7000000,1992.0000000,2010.0000000,1227244
20130311,000000,2028.1000000,2063.5000000,2010.0000000,2015.7000000,1810349
20130312,000000,2016.1000000,2020.8000000,2004.2000000,2014.9000000,775661
20130313,000000,2009.5000000,2024.1000000,1996.3000000,2003.0000000,1125171
20130314,000000,2003.0000000,2006.4000000,1993.3000000,1996.1000000,902282
20130315,000000,2001.0000000,2017.8000000,1983.8000000,1994.0000000,1217384
20130318,000000,1974.0000000,1984.0000000,1940.4000000,1962.5000000,1638625
20130319,000000,1962.6000000,1969.8000000,1937.8000000,1939.2000000,1118689
20130320,000000,1939.4000000,1960.0000000,1933.6000000,1948.6000000,980527
20130321,000000,1950.6000000,1953.6000000,1935.0000000,1940.0000000,854284
20130322,000000,1939.0000000,1953.5000000,1934.5000000,1943.0000000,736594
20130325,000000,1947.8000000,1964.9000000,1916.7000000,1923.0000000,767852
20130326,000000,1928.0000000,1949.1000000,1917.4000000,1938.0000000,991799
20130327,000000,1949.3000000,1972.5000000,1928.8000000,1969.5000000,1221978
20130328,000000,1959.0000000,1997.4000000,1953.0000000,1996.9000000,756049
20130329,000000,1998.0000000,2004.0000000,1993.6000000,1998.5000000,267022
20130401,000000,1980.1000000,1998.2000000,1974.0000000,1975.0000000,467739
20130402,000000,1975.0000000,1994.6000000,1972.3000000,1990.5000000,448014
20130403,000000,1985.6000000,2001.7000000,1972.5000000,1973.9000000,749231
20130404,000000,1965.0000000,1983.7000000,1958.2000000,1967.6000000,726217
20130405,000000,1968.0000000,1977.0000000,1933.6000000,1935.6000000,1287955
20130408,000000,1940.1000000,1959.6000000,1918.4000000,1920.1000000,890987
20130409,000000,1929.6000000,1964.0000000,1925.5000000,1961.1000000,833182
20130410,000000,1962.8000000,1969.2000000,1937.8000000,1948.8000000,636232
20130411,000000,1950.0000000,1951.0000000,1906.5000000,1927.3000000,1022618
20130412,000000,1922.0000000,1937.8000000,1915.4000000,1929.4000000,612652
20130415,000000,1910.0000000,1932.0000000,1878.9000000,1898.8000000,993510
20130416,000000,1884.8000000,1911.2000000,1879.0000000,1901.0000000,589154
20130417,000000,1903.0000000,1905.5000000,1873.9000000,1902.0000000,791767
20130418,000000,1907.0000000,1922.6000000,1892.5000000,1892.8000000,770694
20130419,000000,1904.0000000,1905.5000000,1856.0000000,1882.0000000,923795
20130422,000000,1889.0000000,1907.1000000,1850.0000000,1868.7000000,944160
20130423,000000,1869.0000000,1900.0000000,1846.7000000,1898.1000000,1049618
20130424,000000,1901.3000000,1965.3000000,1900.1000000,1964.1000000,1132137
20130425,000000,1968.6000000,1971.9000000,1935.3000000,1959.0000000,1025681
20130426,000000,1950.0000000,1977.7000000,1942.2000000,1950.0000000,788641
20130429,000000,1964.5000000,1974.0000000,1926.0000000,1932.0000000,438071
20130430,000000,1929.8000000,1973.0000000,1928.9000000,1972.5000000,787572
20130502,000000,1960.8000000,1991.1000000,1959.0000000,1973.6000000,458686
20130503,000000,1991.1000000,2006.0000000,1965.1000000,2006.0000000,465435
20130506,000000,2006.2000000,2020.0000000,2001.7000000,2013.4000000,572804
20130507,000000,2008.0000000,2040.0000000,2005.0000000,2036.8000000,1385803
20130508,000000,2036.0000000,2042.0000000,2006.1000000,2037.0000000,895663
20130510,000000,2025.1000000,2061.8000000,2025.1000000,2039.7000000,495327
20130513,000000,2039.7000000,2055.5000000,2012.1000000,2049.4000000,989731
20130514,000000,2009.8000000,2039.4000000,2006.1000000,2024.0000000,1005841
20130515,000000,2022.3000000,2031.0000000,1997.6000000,2020.2000000,564028
20130516,000000,2021.1000000,2025.0000000,1995.0000000,1998.3000000,545868
20130517,000000,1998.4000000,2037.8000000,1993.7000000,2025.3000000,518668
20130520,000000,2025.3000000,2034.0000000,2005.0000000,2025.1000000,480825
20130521,000000,2026.0000000,2049.6000000,2013.5000000,2041.9000000,542580
20130522,000000,2045.0000000,2088.4000000,2042.0000000,2080.0000000,1194711
20130523,000000,2057.7000000,2059.9000000,2025.0000000,2031.5000000,1290592
20130524,000000,2035.0000000,2044.4000000,1998.0000000,2009.0000000,904536
20130527,000000,2020.0000000,2022.2000000,1991.3000000,1993.0000000,497343
20130528,000000,1998.4000000,2025.0000000,1996.3000000,2012.3000000,975164
20130529,000000,2005.1000000,2005.3000000,1940.0000000,1940.2000000,1501086
20130530,000000,1947.9000000,1964.0000000,1915.5000000,1919.4000000,1166587
20130531,000000,1925.9000000,1942.5000000,1871.1000000,1878.0000000,1590323
20130603,000000,1873.0000000,1914.8000000,1852.0000000,1883.3000000,1548822
20130604,000000,1886.1000000,1917.8000000,1875.0000000,1878.4000000,852003
20130605,000000,1874.8000000,1908.0000000,1851.1000000,1880.1000000,1411127
20130606,000000,1880.0000000,1893.1000000,1866.4000000,1868.0000000,900209
20130607,000000,1884.8000000,1941.9000000,1875.1000000,1918.0000000,1273938
20130610,000000,1914.4000000,1944.6000000,1876.2000000,1890.0000000,997309
20130611,000000,1885.0000000,1908.0000000,1850.0000000,1860.0000000,1361835
20130613,000000,1851.0000000,1871.9000000,1822.0000000,1842.5000000,1432139
