20100111,000000,179.0000000,179.8000000,174.0400000,177.5000000,445195
20100112,000000,177.9200000,179.8000000,173.7000000,174.9000000,348607
20100113,000000,172.5000000,177.6000000,171.5000000,177.0000000,415603
20100114,000000,177.5100000,183.3600000,177.2000000,180.9000000,400396
20100115,000000,180.1500000,185.0000000,178.6400000,179.2000000,269248
20100118,000000,179.0000000,185.0000000,179.0000000,183.3000000,273617
20100119,000000,183.3600000,191.7000000,179.8100000,190.9900000,563127
20100120,000000,191.1000000,192.9900000,188.0000000,188.6000000,532741
20100121,000000,189.0200000,190.0000000,185.0000000,185.1000000,296848
20100122,000000,183.5000000,186.8100000,180.5000000,184.6000000,511634
20100125,000000,182.4900000,189.8900000,182.0000000,185.6000000,355344
20100126,000000,185.6000000,185.7700000,178.6100000,182.5000000,396692
20100127,000000,180.9000000,186.0000000,178.5100000,183.5000000,255531
20100128,000000,185.4200000,188.9800000,183.5700000,184.5000000,390673
20100129,000000,182.7100000,185.5000000,181.0700000,185.4500000,171917
20100201,000000,183.9700000,186.5000000,179.4400000,184.0000000,678003
20100202,000000,184.2100000,186.2000000,181.5000000,185.9900000,981370
20100203,000000,186.5800000,188.5200000,184.1000000,184.4700000,563106
20100204,000000,185.5100000,185.5100000,179.4000000,179.6200000,351262
20100205,000000,178.0100000,178.1000000,169.8600000,170.9200000,1785402
20100208,000000,170.9100000,172.9200000,163.0200000,165.1000000,519583
20100209,000000,166.0000000,168.6000000,165.0800000,166.4600000,248217
20100210,000000,168.5000000,172.0000000,164.8000000,165.0000000,464270
20100211,000000,167.4800000,170.0000000,165.9500000,168.4400000,405864
20100212,000000,171.1000000,173.4000000,165.0200000,170.5000000,671292
20100215,000000,171.0100000,176.9900000,169.1300000,175.9000000,533459
20100216,000000,177.4900000,180.4700000,176.0000000,180.4700000,474260
20100217,000000,181.3900000,182.4500000,176.8800000,178.3700000,368140
20100218,000000,178.3800000,179.0000000,174.4500000,176.0100000,506163
20100219,000000,173.5000000,179.8800000,171.1300000,179.8800000,529846
20100224,000000,177.6900000,179.5000000,175.8200000,177.0100000,168044
20100225,000000,177.0200000,178.5000000,168.8000000,168.9900000,330758
20100226,000000,171.4900000,171.4900000,164.5000000,166.0000000,676501
20100227,000000,164.3400000,169.5000000,164.3400000,167.7400000,232199
20100301,000000,169.0200000,171.0000000,167.1100000,169.0000000,660461
20100302,000000,170.1900000,172.8000000,167.5600000,172.3600000,513903
20100303,000000,172.9000000,177.8000000,171.1300000,177.5000000,815250
20100304,000000,176.7000000,183.0100000,175.1900000,179.1300000,798863
20100305,000000,181.5600000,182.7100000,180.1300000,182.3000000,580766
20100309,000000,182.5000000,189.0000000,182.0700000,188.2000000,523119
20100310,000000,188.2000000,192.3000000,186.0300000,189.8000000,684361
20100311,000000,189.8100000,191.4200000,187.4600000,191.2900000,461727
20100312,000000,191.1000000,193.5000000,189.0000000,192.0200000,890811
20100315,000000,190.0000000,192.9900000,188.1000000,188.8900000,534269
20100316,000000,189.8400000,191.2000000,188.4700000,190.2100000,444378
20100317,000000,191.4800000,192.9900000,190.3500000,191.0300000,309364
20100318,000000,191.9900000,192.5000000,190.7500000,190.7700000,326571
20100319,000000,190.9900000,192.3000000,185.5000000,188.1600000,311919
20100322,000000,187.0000000,190.0000000,186.5000000,189.9800000,311227
20100323,000000,190.0000000,190.0100000,186.5000000,186.6000000,222521
20100324,000000,186.6100000,188.0000000,182.5100000,183.0700000,284237
20100325,000000,183.2500000,187.7000000,181.9500000,187.0000000,239749
20100326,000000,186.9500000,191.8000000,186.9500000,191.8000000,339798
20100329,000000,190.8300000,196.0000000,190.0400000,195.7900000,746042
20100330,000000,195.8400000,197.2800000,193.0300000,194.7600000,435604
20100331,000000,194.5000000,194.7000000,192.5000000,193.0900000,214600
20100401,000000,193.0100000,195.0000000,191.2000000,193.4900000,188356
20100402,000000,194.0100000,195.3000000,193.4000000,194.8500000,301953
20100405,000000,195.1500000,195.9800000,191.8500000,194.9900000,155105
20100406,000000,194.9900000,195.9700000,191.9200000,194.0000000,171898
20100407,000000,193.7000000,194.9800000,188.0200000,190.0200000,308860
20100408,000000,189.8900000,193.0000000,187.0700000,191.0100000,425999
20100409,000000,191.7300000,193.4900000,191.0800000,192.6600000,190220
20100412,000000,193.8800000,195.0000000,191.5200000,194.4000000,512079
20100413,000000,194.0300000,199.2500000,192.5600000,197.9900000,1468919
20100414,000000,199.2000000,207.0100000,197.6600000,205.0000000,1022007
20100415,000000,206.7000000,206.7000000,199.0000000,202.2800000,582808
20100416,000000,199.9900000,200.5000000,197.5000000,197.5100000,365025
20100419,000000,195.0000000,195.0000000,185.5000000,193.9900000,429343
20100420,000000,194.3000000,197.7900000,194.0000000,195.1000000,190427
20100421,000000,196.0300000,203.0000000,195.0000000,196.9400000,425075
20100422,000000,196.0000000,202.5000000,195.5000000,197.4000000,544892
20100423,000000,198.1000000,200.9900000,196.2000000,198.9800000,150842
20100426,000000,200.1500000,204.0000000,199.0500000,203.8000000,484591
20100427,000000,202.0000000,204.2000000,198.5400000,199.9600000,944394
20100428,000000,198.0000000,198.5000000,194.6000000,195.7400000,633090
20100429,000000,195.9100000,199.0000000,195.0000000,198.1300000,227012
20100430,000000,198.9900000,199.7600000,195.2000000,198.0000000,330057
20100504,000000,198.0700000,199.5000000,190.0000000,190.0100000,315958
20100505,000000,187.9200000,190.9900000,180.0000000,182.9700000,668950
20100506,000000,182.9700000,183.9900000,178.5300000,179.6100000,873543
20100507,000000,176.4100000,177.0000000,168.0000000,168.6700000,611376
20100511,000000,176.6000000,180.0000000,174.2900000,177.5400000,297762
20100512,000000,175.8900000,191.0000000,175.8900000,190.0000000,790687
20100513,000000,191.0000000,196.0000000,183.3000000,188.3500000,364383
20100514,000000,186.4600000,189.6000000,185.0000000,187.0000000,200995
20100517,000000,182.7000000,191.4600000,179.0400000,191.1000000,497969
20100518,000000,192.5400000,195.0000000,192.5000000,193.5500000,536079
20100519,000000,190.5700000,194.8000000,185.2200000,193.9700000,533012
20100520,000000,193.9700000,195.9100000,183.0000000,183.7000000,1301921
20100521,000000,184.5000000,190.6900000,177.0100000,183.8800000,544337
20100524,000000,186.0000000,188.8000000,184.1100000,187.0300000,255465
20100525,000000,180.0000000,186.0000000,174.6900000,174.7600000,446731
20100526,000000,178.9000000,188.0400000,178.9000000,186.4000000,342900
20100527,000000,188.3000000,197.4400000,185.3700000,196.0100000,369488
20100528,000000,197.3400000,199.8400000,192.0100000,199.0000000,225279
20100531,000000,199.0000000,200.0000000,196.3100000,199.9900000,155561
20100601,000000,198.0000000,199.9900000,196.8000000,198.0000000,247144
20100602,000000,196.4100000,199.0000000,194.0700000,199.0000000,184131
20100603,000000,203.3300000,203.4800000,199.1000000,199.1000000,195831
20100604,000000,200.2200000,215.0500000,198.3300000,204.6500000,1499469
20100607,000000,196.3000000,204.0000000,194.1900000,200.4300000,390114
20100608,000000,199.8000000,202.0000000,194.5000000,198.5000000,226321
20100609,000000,198.7300000,200.5000000,196.1000000,197.0600000,269243
20100610,000000,197.3400000,202.8000000,194.8000000,201.0100000,389796
20100611,000000,202.0000000,204.6400000,199.0100000,203.9800000,363309
20100615,000000,204.0700000,214.9000000,202.4600000,214.5000000,1163448
20100616,000000,216.0000000,228.2100000,214.6700000,221.3400000,1806559
20100617,000000,219.1100000,223.0000000,217.7300000,218.4800000,421512
20100618,000000,218.0400000,222.8800000,215.0000000,221.5000000,1564015
20100621,000000,222.6700000,225.9700000,218.3000000,221.8500000,996988
20100622,000000,219.9900000,223.4400000,219.4400000,221.5400000,382301
20100623,000000,219.5300000,219.5300000,215.8000000,215.8000000,553997
20100624,000000,216.0000000,218.0100000,211.0000000,214.0000000,368124
20100625,000000,213.0000000,213.0000000,206.8500000,210.0000000,300697
20100628,000000,209.2500000,220.0000000,207.1200000,211.1600000,135917
20100629,000000,210.0000000,210.0000000,205.6300000,209.0400000,453705
20100630,000000,207.0000000,213.7400000,205.6200000,209.4000000,596532
20100701,000000,209.0000000,212.3000000,201.8900000,205.4300000,1108312
20100702,000000,208.0000000,214.0900000,206.6100000,214.0500000,457843
20100705,000000,212.0000000,217.7200000,212.0000000,215.5000000,293638
20100706,000000,214.1300000,222.0000000,214.0300000,220.8000000,295490
20100707,000000,219.0000000,221.4200000,216.0800000,221.3500000,181924
20100708,000000,222.0000000,224.9900000,213.5000000,216.5000000,222446
20100709,000000,217.9900000,218.0200000,209.1000000,216.9000000,160233
20100712,000000,216.0000000,218.4300000,213.9800000,218.0000000,102984
20100713,000000,216.5300000,225.0000000,215.6800000,224.4000000,979889
20100714,000000,224.5000000,225.9900000,217.7000000,221.0000000,230946
20100715,000000,220.9900000,225.0000000,219.0000000,219.0000000,392291
20100716,000000,220.9400000,224.0000000,219.0100000,220.0400000,332104
20100719,000000,220.7200000,223.0000000,219.0000000,221.9500000,190641
20100720,000000,221.0000000,224.3900000,220.9400000,222.8700000,122537
20100721,000000,223.0000000,224.7500000,221.5000000,223.2200000,457511
20100722,000000,221.2200000,224.5000000,220.0000000,223.2500000,645548
20100723,000000,223.9700000,224.0000000,217.7700000,218.0000000,491007
20100726,000000,219.5000000,221.5000000,208.0000000,221.0000000,443467
20100727,000000,221.5000000,223.0000000,219.0000000,220.0000000,383472
20100728,000000,221.0000000,221.9900000,217.6000000,217.9900000,297930
20100729,000000,219.4900000,220.6900000,217.3100000,220.5200000,245179
20100730,000000,219.7100000,220.1200000,217.5000000,218.5000000,237368
20100802,000000,219.3500000,221.1500000,219.0100000,220.5900000,126601
20100803,000000,221.2400000,223.4000000,219.0000000,219.0000000,75540
20100804,000000,222.0000000,222.0000000,219.2200000,220.0000000,35637
20100805,000000,219.4900000,220.5500000,217.8000000,218.9200000,75455
20100806,000000,218.8300000,220.2500000,214.5000000,214.8000000,186146
20100809,000000,215.1100000,216.9600000,214.8100000,215.7500000,79008
20100810,000000,213.6800000,214.8900000,210.3500000,212.7700000,148230
20100811,000000,211.2400000,211.2400000,208.6100000,210.4800000,642487
20100812,000000,209.9800000,212.8500000,208.6400000,212.5200000,180239
20100813,000000,213.7100000,214.5000000,210.6000000,211.0300000,82911
20100816,000000,211.0300000,214.7000000,209.0800000,214.6500000,70861
20100817,000000,214.8100000,217.5000000,214.8100000,217.0400000,186472
20100818,000000,217.7400000,218.8800000,217.1000000,218.5400000,91889
20100819,000000,214.5000000,221.2000000,213.9000000,218.1300000,190425
20100820,000000,217.4900000,218.6400000,216.0000000,216.9500000,74223
20100823,000000,217.0100000,226.0000000,215.9100000,216.4800000,134197
20100824,000000,217.8400000,219.2500000,210.9900000,211.0000000,105805
20100825,000000,211.9800000,216.0000000,209.6000000,212.0000000,286814
20100826,000000,213.0000000,214.8800000,213.0000000,214.2000000,65009
20100827,000000,213.8400000,215.4700000,212.0000000,215.2500000,182309
20100830,000000,215.6100000,218.0000000,215.0000000,215.6600000,41133
20100831,000000,214.7100000,217.4000000,212.0000000,216.0000000,133509
20100901,000000,216.1700000,217.8900000,215.3300000,217.5000000,111061
20100902,000000,217.5100000,219.9900000,216.3700000,219.8900000,242109
20100903,000000,219.9900000,220.0000000,214.0000000,218.9800000,130529
20100906,000000,218.1000000,221.1500000,217.6500000,218.7900000,48741
20100907,000000,218.2500000,219.2600000,215.0200000,218.9900000,81296
20100908,000000,217.8100000,223.2500000,217.0100000,222.5000000,329675
20100909,000000,223.5000000,228.7500000,220.5700000,226.7400000,1054019
20100910,000000,226.7400000,229.0000000,223.9000000,227.7000000,830167
20100913,000000,228.0000000,230.7500000,227.0100000,230.0100000,685262
20100914,000000,229.0100000,231.9000000,227.8000000,231.7200000,909839
20100915,000000,230.5000000,234.2500000,230.5000000,233.7100000,421185
20100916,000000,231.3700000,236.0000000,230.9000000,235.4700000,262734
20100917,000000,235.1200000,237.0000000,233.0900000,234.9000000,83041
20100920,000000,233.2300000,237.4800000,231.3600000,235.0000000,225980
20100921,000000,236.0000000,239.5900000,234.4400000,237.8000000,317127
20100922,000000,243.0000000,243.4000000,233.6500000,239.5900000,900431
20100923,000000,239.5900000,242.9800000,237.0300000,238.3800000,230940
20100924,000000,237.3300000,239.3000000,233.0000000,238.0000000,156608
20100927,000000,237.4800000,242.0800000,231.0500000,232.4500000,335850
20100928,000000,233.6900000,233.8700000,228.2500000,228.8200000,306364
20100929,000000,229.8800000,231.4800000,228.0400000,230.8400000,215960
20100930,000000,230.9500000,235.4600000,230.0000000,235.0000000,154476
20101001,000000,236.8400000,240.0000000,233.7000000,237.5000000,600083
20101004,000000,237.9900000,240.0000000,236.7400000,237.8000000,388262
20101005,000000,238.2600000,238.5000000,235.0000000,237.0000000,163598
20101006,000000,237.3300000,238.2900000,232.0500000,234.0000000,362353
20101007,000000,234.0100000,241.0000000,226.6800000,230.5000000,502450
20101008,000000,230.5100000,233.8600000,228.0000000,230.5000000,293283
20101011,000000,232.7600000,234.8000000,232.5000000,233.4800000,144138
20101012,000000,232.7600000,234.8900000,230.0000000,233.0000000,265088
20101013,000000,233.5500000,237.3900000,231.9000000,235.1000000,324208
20101014,000000,235.9900000,237.9700000,232.5100000,234.0000000,157571
20101015,000000,233.9900000,237.9000000,232.1900000,235.7000000,164346
20101018,000000,234.0000000,238.0000000,232.0800000,237.9800000,220841
20101019,000000,238.0000000,242.4300000,237.0000000,237.5200000,436690
20101020,000000,237.4800000,237.4800000,230.0000000,235.3200000,270778
20101021,000000,234.1000000,242.0000000,233.0000000,241.3000000,290861
20101022,000000,240.0000000,243.0000000,236.5000000,239.0000000,229006
20101025,000000,239.0000000,245.7000000,238.0100000,245.0000000,453415
20101026,000000,243.9000000,248.5800000,242.6700000,245.5000000,407631
20101027,000000,243.8900000,247.9900000,241.8600000,242.6700000,341669
20101028,000000,242.0100000,246.0000000,241.5800000,245.8000000,153541
20101029,000000,245.0000000,248.8200000,242.5000000,248.8200000,169901
20101101,000000,249.4900000,254.5000000,246.6500000,253.1000000,423775
20101102,000000,253.9600000,257.9900000,253.1000000,255.5000000,352434
20101103,000000,255.0000000,261.1100000,253.0000000,257.5500000,389516
20101108,000000,265.0000000,269.9700000,259.0000000,262.8600000,324937
20101109,000000,263.0100000,279.8900000,260.5000000,279.5000000,1199668
20101110,000000,276.1700000,283.9900000,275.2700000,277.2000000,626868
20101111,000000,277.2000000,283.0000000,277.0000000,279.5000000,303228
20101112,000000,277.5100000,283.9800000,273.0000000,274.4900000,544243
20101113,000000,274.2000000,276.3800000,267.1900000,270.8300000,163591
20101115,000000,271.0000000,275.7100000,269.5100000,274.0000000,310445
20101116,000000,274.0000000,274.0100000,267.0000000,269.4700000,296208
20101117,000000,269.4700000,269.4700000,262.5500000,267.8900000,428131
20101118,000000,269.7300000,270.0000000,266.1600000,269.9800000,242301
20101119,000000,269.8000000,273.0000000,267.1800000,273.0000000,199885
20101122,000000,274.0000000,277.0400000,272.0500000,272.5100000,724372
20101123,000000,269.9000000,274.1900000,265.0500000,266.0000000,212690
20101124,000000,266.0000000,272.9000000,264.0300000,270.9800000,305564
20101125,000000,271.8800000,274.0000000,267.1500000,269.9000000,134292
20101126,000000,270.9000000,270.9000000,265.0100000,268.6000000,184959
20101129,000000,270.4200000,270.9200000,265.7300000,266.9300000,267988
20101130,000000,268.0400000,268.7000000,266.0600000,268.5000000,230381
20101201,000000,268.8200000,281.9000000,268.0400000,279.5200000,431655
20101202,000000,282.9500000,283.8000000,276.6000000,281.6100000,368608
20101203,000000,281.6100000,296.6600000,281.0000000,295.0000000,710600
20101206,000000,295.8800000,304.6500000,294.0600000,300.9900000,457937
20101207,000000,302.0000000,336.2500000,301.2600000,311.9800000,943294
20101208,000000,310.5100000,319.0000000,303.5100000,306.0000000,923748
20101209,000000,309.0000000,309.3500000,306.0100000,306.2500000,335297
20101210,000000,306.4000000,308.0000000,300.0400000,302.9400000,308828
20101213,000000,308.0000000,310.0000000,296.1000000,298.2000000,652339
20101214,000000,298.8200000,303.0000000,292.4000000,302.5000000,315469
20101215,000000,302.0000000,307.7000000,297.4700000,303.4700000,561168
20101216,000000,303.1800000,307.0000000,301.2200000,304.7900000,159346
20101217,000000,306.0000000,308.0000000,302.0100000,305.3600000,220465
20101220,000000,305.9000000,308.5000000,303.1700000,306.6300000,219310
20101221,000000,307.9200000,314.0000000,305.0000000,313.5000000,256744
20101222,000000,313.9900000,317.1000000,311.6500000,315.9300000,265240
20101223,000000,316.6900000,324.7700000,314.2900000,322.5000000,299924
20101224,000000,323.9400000,330.0000000,323.0000000,324.5000000,371988
20101227,000000,324.5100000,328.0000000,316.0100000,324.9000000,205462
20101228,000000,324.3000000,328.0000000,322.8000000,325.0000000,262092
20101229,000000,324.9700000,328.0000000,324.0000000,327.9900000,159730
20101230,000000,328.0200000,339.8000000,326.8100000,334.0500000,252894
20110111,000000,338.8300000,338.8300000,311.0000000,328.0000000,759311
20110112,000000,330.0000000,336.9000000,328.2500000,335.7900000,548158
20110113,000000,335.7900000,338.0000000,332.0000000,332.0000000,261883
20110114,000000,334.0000000,334.5000000,328.9200000,330.7500000,128148
20110117,000000,332.8000000,333.0000000,327.2500000,329.4500000,327259
20110118,000000,329.1900000,332.5000000,321.2100000,326.3700000,373321
20110119,000000,326.4000000,330.7900000,322.7100000,330.0000000,195963
20110120,000000,326.9000000,329.9900000,323.0000000,323.0000000,259470
20110121,000000,324.8900000,326.0000000,318.0100000,324.9800000,240850
20110124,000000,325.0100000,327.4200000,316.4800000,317.5000000,473272
20110125,000000,317.5000000,319.9800000,308.0800000,312.8800000,416536
20110126,000000,311.2500000,324.7900000,309.1000000,323.0000000,483264
20110127,000000,324.5000000,325.5000000,317.1000000,319.0000000,288335
20110128,000000,311.3000000,318.2700000,309.7000000,310.0000000,200582
20110131,000000,309.6100000,319.0000000,300.0900000,310.9800000,232122
20110201,000000,314.8300000,321.0000000,310.9800000,319.0000000,556580
20110202,000000,321.0000000,328.4000000,320.4200000,322.1100000,546499
20110203,000000,322.0000000,326.6600000,318.5000000,319.8000000,196249
20110204,000000,321.6500000,326.0100000,319.8000000,326.0100000,245883
20110207,000000,326.2000000,328.9900000,321.7500000,325.9100000,325123
20110208,000000,326.4900000,326.5000000,315.0000000,318.5000000,388270
20110209,000000,315.6700000,321.4900000,312.0300000,318.5900000,461282
20110210,000000,319.8800000,319.8800000,311.0000000,311.0000000,351224
20110211,000000,311.0600000,322.2800000,311.0200000,314.0000000,386571
20110214,000000,317.0000000,321.4600000,314.1800000,318.0500000,145621
20110215,000000,318.1200000,333.9100000,318.0500000,325.0000000,1248143
20110216,000000,325.0000000,330.0000000,323.0200000,328.8800000,289658
20110217,000000,329.9000000,331.8600000,325.7100000,326.5600000,225670
20110218,000000,326.5600000,335.5300000,326.5600000,333.0300000,402228
20110221,000000,334.0000000,337.0000000,329.0100000,335.0000000,682182
20110222,000000,333.0000000,333.9600000,325.0600000,332.9900000,514316
20110224,000000,330.0000000,339.0000000,325.1000000,336.5000000,669547
20110225,000000,337.9800000,357.0000000,336.5600000,356.0000000,727928
20110228,000000,355.7000000,385.0000000,350.3200000,385.0000000,538021
20110301,000000,370.0000000,384.8300000,355.0100000,364.0000000,842590
20110302,000000,365.0300000,372.8500000,362.6000000,367.1500000,513980
20110303,000000,375.0000000,389.9700000,358.0400000,362.9100000,2718960
20110304,000000,364.0000000,364.0000000,350.5200000,350.6000000,652010
20110305,000000,350.5200000,356.9700000,345.3700000,354.9700000,242950
20110309,000000,355.0000000,362.6900000,352.3000000,361.4100000,304780
20110310,000000,359.1000000,365.0000000,356.0300000,359.4000000,542670
20110311,000000,359.8900000,359.8900000,346.7100000,349.7900000,600700
20110314,000000,342.7900000,356.0000000,340.0400000,348.2600000,511660
20110315,000000,343.3900000,348.0000000,339.7500000,340.5000000,788030
20110316,000000,345.0000000,355.8900000,338.6500000,348.6300000,1115720
20110317,000000,348.9800000,357.7000000,347.0000000,357.0000000,654350
20110318,000000,358.7900000,374.5000000,358.7900000,372.7000000,1278870
20110321,000000,374.1000000,379.4300000,363.5300000,370.7000000,435110
20110322,000000,370.8000000,370.8000000,361.5000000,364.4900000,273570
20110323,000000,361.6200000,368.0000000,357.5000000,366.0000000,264690
20110324,000000,369.3900000,374.9500000,366.4400000,373.5000000,416770
20110325,000000,374.5000000,376.7900000,370.7100000,374.4500000,270330
20110328,000000,373.0000000,377.9000000,372.5300000,375.8000000,361010
20110329,000000,372.6700000,378.3700000,371.1000000,372.0000000,338100
20110330,000000,373.0200000,378.5000000,372.0400000,377.4800000,599380
20110331,000000,379.0000000,379.0000000,374.3100000,377.8300000,361540
20110401,000000,377.8300000,385.0000000,373.1000000,383.2000000,558530
20110404,000000,385.0000000,386.0000000,381.3000000,382.8000000,357980
20110405,000000,383.0000000,386.4800000,382.7000000,383.8000000,272660
20110406,000000,384.1400000,387.0000000,383.0100000,384.6900000,287890
20110407,000000,385.1000000,389.0000000,382.7100000,388.0000000,348020
20110408,000000,390.0000000,390.0000000,385.1500000,386.6500000,477430
20110411,000000,387.0000000,387.9500000,381.0200000,381.0800000,190200
20110412,000000,380.0000000,380.0000000,371.1900000,375.4800000,386810
20110413,000000,376.0000000,386.5400000,373.1600000,386.5400000,363740
20110414,000000,385.2200000,386.9200000,375.0000000,383.7100000,399470
20110415,000000,383.2500000,384.6800000,375.7500000,379.0000000,405620
20110418,000000,378.2000000,382.7900000,366.9900000,367.0000000,436150
20110419,000000,368.5600000,379.7700000,368.0000000,377.2200000,253350
20110420,000000,378.0000000,381.8900000,376.2300000,378.0100000,288500
20110421,000000,381.9800000,382.9900000,373.0000000,374.8700000,197630
20110422,000000,377.4000000,378.4800000,370.1300000,375.0000000,151030
20110425,000000,375.4800000,384.0000000,373.3000000,374.7100000,484680
20110426,000000,375.0000000,375.4800000,365.4500000,371.1400000,285990
20110427,000000,373.0000000,374.1000000,360.6100000,361.1900000,175300
20110428,000000,369.6900000,369.7000000,359.0000000,365.6300000,268630
20110429,000000,364.7000000,364.7000000,353.0000000,357.9900000,220710
20110503,000000,357.9900000,359.7500000,350.5000000,352.4300000,173330
20110504,000000,350.5300000,354.8300000,341.1800000,345.2300000,649800
20110505,000000,347.8000000,349.0000000,336.0000000,344.0000000,455160
20110506,000000,341.0000000,355.0000000,338.5000000,352.7100000,442220
20110510,000000,348.3400000,362.0000000,347.3600000,357.9500000,312110
20110511,000000,360.1100000,369.7900000,350.0600000,352.1800000,442120
20110512,000000,349.0000000,360.0000000,342.5000000,346.0200000,502710
20110513,000000,350.0000000,352.0000000,345.0400000,349.4000000,349530
20110516,000000,347.0000000,348.5000000,342.3800000,345.0200000,244140
20110517,000000,345.2000000,345.8000000,333.8100000,339.5500000,422140
20110518,000000,342.8300000,349.4900000,340.7900000,349.4900000,274930
20110519,000000,349.5000000,359.2900000,349.5000000,357.0000000,208110
20110520,000000,357.5300000,360.5000000,351.0400000,354.0000000,240330
20110523,000000,348.9900000,354.0000000,345.2200000,353.0000000,372900
20110524,000000,353.2500000,356.2000000,350.0000000,350.7700000,227590
20110525,000000,348.6000000,350.9000000,342.0200000,346.7100000,426320
20110526,000000,348.8300000,350.1700000,341.0000000,342.3000000,271620
20110527,000000,343.9300000,350.5200000,340.1000000,350.0100000,482120
20110530,000000,350.0100000,354.9900000,350.0100000,354.6000000,179520
20110531,000000,355.9700000,366.5000000,353.7500000,366.0100000,612600
20110601,000000,366.0200000,370.7300000,358.2300000,361.4000000,424400
20110602,000000,357.8800000,374.6300000,354.1000000,373.9800000,356480
20110603,000000,374.9300000,377.7800000,367.0700000,373.0000000,811230
20110606,000000,372.3900000,376.2000000,365.1200000,375.5700000,356070
20110607,000000,374.9200000,379.4900000,373.0600000,376.4900000,225000
20110608,000000,376.8800000,376.8800000,368.3800000,369.5600000,652460
20110609,000000,371.1800000,372.9000000,365.0100000,370.1800000,703560
20110610,000000,371.0000000,372.9000000,362.5900000,363.5000000,548940
20110614,000000,366.0900000,371.0000000,358.6000000,359.7400000,886530
20110615,000000,359.7400000,371.0000000,357.1400000,358.5800000,1311170
20110616,000000,354.8000000,355.8000000,347.0000000,348.5600000,792060
20110617,000000,348.5600000,349.5900000,335.5000000,344.3900000,2985640
20110620,000000,341.1000000,344.3500000,329.5900000,330.7900000,1147280
20110621,000000,332.1000000,339.7900000,328.0000000,338.1900000,1086830
20110622,000000,339.8800000,342.5000000,333.7900000,340.6000000,778170
20110623,000000,338.0000000,343.5500000,328.5100000,331.1500000,681080
20110624,000000,333.1500000,339.9000000,332.7700000,337.2700000,624210
20110627,000000,335.5000000,339.8900000,333.7200000,337.5000000,246990
20110628,000000,337.1500000,343.0000000,337.1500000,341.9900000,475480
20110629,000000,343.2000000,344.0000000,338.7300000,341.0000000,334540
20110630,000000,342.8500000,347.1000000,339.5500000,344.9100000,489340
20110701,000000,345.0000000,372.9900000,340.6700000,365.1100000,2548560
20110704,000000,367.6000000,373.9000000,365.0000000,372.6000000,663210
20110705,000000,370.0000000,380.0000000,370.0000000,372.8700000,386640
20110706,000000,373.3500000,380.0000000,372.0000000,379.8900000,770610
20110707,000000,380.0000000,386.4100000,377.5700000,382.6700000,727680
20110708,000000,382.0000000,385.0000000,374.0000000,378.0000000,913870
20110711,000000,376.4200000,381.7000000,374.3100000,375.0200000,399290
20110712,000000,373.0000000,376.8000000,365.9000000,374.0800000,826320
20110713,000000,375.8900000,376.5700000,366.0100000,372.9000000,352050
20110714,000000,372.9000000,378.8000000,367.0000000,374.0000000,566020
20110715,000000,373.4000000,378.5000000,368.3800000,371.7500000,255690
20110718,000000,373.2500000,377.0000000,365.1000000,367.0000000,252110
20110719,000000,368.7900000,370.9800000,364.0800000,369.0000000,268830
20110720,000000,371.0000000,381.6800000,370.6400000,378.0000000,482150
20110721,000000,379.4800000,406.0000000,378.8300000,405.4300000,2577400
20110722,000000,407.0000000,415.0000000,398.1300000,412.7000000,1303950
20110725,000000,409.1200000,416.9700000,396.2800000,402.0000000,1268370
20110726,000000,402.3100000,403.4000000,393.6200000,397.0000000,530670
20110727,000000,395.4600000,398.5500000,389.0000000,391.0000000,787200
20110728,000000,389.1000000,399.8000000,389.0000000,399.0000000,777230
20110729,000000,395.0000000,403.7900000,390.6000000,398.5400000,959290
20110801,000000,404.7000000,419.0000000,404.6000000,415.7000000,1431850
20110802,000000,413.8800000,427.9800000,410.0000000,419.7000000,1224940
20110803,000000,411.3000000,417.5000000,396.0000000,398.8800000,1614170
20110804,000000,402.8800000,405.9500000,385.0000000,387.4500000,1667480
20110805,000000,375.5000000,393.5000000,368.0000000,387.0000000,1790160
20110808,000000,377.0000000,384.3000000,359.0200000,362.0000000,2280020
20110809,000000,354.0000000,384.7500000,340.2900000,378.0000000,2841560
20110810,000000,385.0000000,387.4500000,352.4500000,354.9900000,1793830
20110811,000000,361.7600000,376.0000000,340.8000000,368.9900000,2277000
20110812,000000,372.7000000,376.9600000,364.0000000,372.5000000,1373990
20110815,000000,376.0000000,379.4900000,372.0000000,373.9900000,985660
20110816,000000,373.3000000,373.3000000,356.5000000,361.4800000,1563430
20110817,000000,364.8000000,373.9600000,358.1100000,371.3000000,713740
20110818,000000,367.5700000,370.0000000,351.0000000,361.8000000,798520
20110819,000000,354.9700000,358.7400000,346.0000000,356.9700000,1062680
20110822,000000,351.3300000,363.6300000,350.1700000,353.9100000,786880
20110823,000000,358.4900000,362.0000000,347.8300000,349.4600000,822760
20110824,000000,352.6600000,355.4800000,346.0600000,351.8600000,1015080
20110825,000000,353.6100000,360.0000000,342.1100000,343.5200000,1358130
20110826,000000,347.3000000,348.5800000,335.4200000,340.4300000,819470
20110829,000000,349.0000000,355.2800000,344.0100000,353.5100000,733050
20110830,000000,353.5100000,359.8500000,348.5000000,357.1500000,1265340
20110831,000000,359.7100000,375.0500000,358.0000000,373.1000000,1317930
20110901,000000,374.1100000,383.7500000,366.9400000,380.9400000,1257380
20110902,000000,376.0400000,384.9800000,371.0000000,374.6300000,1039800
20110905,000000,370.5100000,372.5000000,365.5000000,369.8800000,756730
20110906,000000,368.1200000,381.5100000,366.2000000,370.4800000,1729880
20110907,000000,375.9000000,385.5600000,374.0100000,384.2200000,1127800
20110908,000000,385.1000000,395.0000000,383.0000000,394.3200000,1324120
20110909,000000,392.2200000,393.9000000,381.2200000,382.9200000,795380
20110912,000000,377.9000000,377.9000000,365.8000000,372.3800000,1181920
20110913,000000,377.0000000,383.5000000,367.0100000,377.0000000,622370
20110914,000000,372.9400000,387.9700000,372.6900000,384.9900000,986200
20110915,000000,387.9400000,403.0000000,386.0000000,401.0000000,2940390
20110916,000000,403.0000000,414.9800000,396.0100000,396.0100000,2248980
20110919,000000,392.2700000,401.9600000,390.0500000,394.5000000,984900
20110920,000000,397.2900000,406.5000000,396.2100000,406.0100000,832050
20110921,000000,406.0000000,411.6600000,394.7000000,397.0100000,877100
20110922,000000,388.0100000,388.9100000,361.2200000,366.9800000,2289420
20110923,000000,366.7000000,371.9200000,339.5300000,346.5300000,2551400
20110926,000000,345.3000000,370.0000000,336.2500000,359.0100000,2206740
20110927,000000,370.0000000,380.0000000,363.0000000,371.0300000,1718650
20110928,000000,367.1000000,376.5000000,362.0500000,374.0700000,1224350
20110929,000000,371.0100000,386.0000000,366.9100000,383.0000000,1231960
20110930,000000,381.7000000,384.2200000,355.0000000,363.2100000,1719660
20111003,000000,353.3300000,369.4000000,348.1000000,362.1100000,1528050
20111004,000000,355.0400000,367.9700000,333.1100000,338.6700000,2373920
20111005,000000,349.0000000,354.8900000,335.5500000,344.5000000,1469280
20111006,000000,350.0100000,365.0000000,350.0100000,361.4000000,2049510
20111007,000000,365.2000000,374.5000000,361.7100000,371.0800000,1505220
20111010,000000,375.3200000,379.0000000,365.0000000,378.3000000,1133930
20111011,000000,379.9000000,379.9000000,367.5800000,374.9900000,1247320
20111012,000000,375.0000000,378.9600000,373.6200000,376.2000000,1223050
20111013,000000,376.0000000,379.2900000,370.9000000,375.0100000,1030060
20111014,000000,376.9900000,384.5000000,374.8100000,384.5000000,1173290
20111017,000000,385.4000000,387.0000000,370.0000000,370.2500000,1513810
20111018,000000,366.6600000,383.8100000,361.3500000,381.2800000,2221580
20111019,000000,383.5900000,383.5900000,373.8500000,376.4300000,777540
20111020,000000,370.2200000,379.1200000,368.0600000,377.3300000,436450
20111021,000000,379.3200000,388.8800000,376.0000000,387.2000000,1037420
20111024,000000,390.6600000,398.8000000,388.5000000,393.7900000,1134220
20111025,000000,393.7900000,396.0600000,382.8800000,388.6000000,799130
20111026,000000,387.9500000,407.1700000,385.7900000,404.0000000,1889380
20111027,000000,406.7100000,418.0000000,405.1500000,407.6400000,1911020
20111028,000000,411.0000000,418.0000000,397.0000000,403.9900000,1950900
20111031,000000,400.0000000,404.0000000,392.1100000,396.8400000,779540
20111101,000000,390.0100000,399.0000000,387.2800000,390.0000000,1395890
20111102,000000,391.4100000,409.0000000,391.4100000,400.0000000,1548510
20111103,000000,398.9700000,410.8800000,390.1000000,406.8400000,1489560
20111107,000000,408.0000000,413.0000000,401.3600000,410.3300000,807010
20111108,000000,407.0000000,414.9500000,407.0000000,412.1000000,555350
20111109,000000,415.5600000,415.8300000,391.1100000,401.0000000,1044590
20111110,000000,395.9900000,412.6600000,393.0400000,407.9900000,1369430
20111111,000000,412.0000000,412.0000000,402.3000000,406.8000000,384060
20111114,000000,410.8500000,416.9000000,406.1000000,414.2400000,932530
20111115,000000,413.9100000,421.7000000,401.8200000,414.0400000,2230280
20111116,000000,409.0000000,419.0000000,408.1000000,413.0000000,708390
20111117,000000,414.0000000,416.0000000,403.2200000,408.1500000,977920
20111118,000000,403.3000000,410.0000000,400.2300000,408.1000000,374920
20111121,000000,406.7200000,407.1400000,388.0000000,389.9900000,1153240
20111122,000000,392.0000000,399.8000000,390.2300000,395.0000000,418030
20111123,000000,390.2700000,396.2300000,385.0000000,390.0000000,1760790
20111124,000000,391.0000000,397.5000000,390.2100000,392.8500000,540760
20111125,000000,394.3900000,412.0000000,390.0000000,411.6800000,1442120
20111128,000000,414.0000000,418.0000000,411.8300000,415.0000000,1556820
20111129,000000,419.9000000,420.0000000,407.0800000,412.2000000,938200
20111130,000000,409.2000000,420.9000000,408.1600000,419.8000000,2761980
20111201,000000,420.9700000,421.0900000,411.6700000,417.8000000,1008940
20111202,000000,419.4000000,419.4000000,414.3000000,415.2100000,560310
20111205,000000,415.3200000,417.3900000,405.1100000,410.0000000,766390
20111206,000000,405.5500000,411.0000000,388.8700000,389.1900000,1788270
20111207,000000,394.3400000,394.3400000,384.3400000,387.0000000,2416120
20111208,000000,386.1300000,395.9700000,385.5100000,390.0600000,2053430
20111209,000000,384.8400000,397.1300000,375.0200000,391.4900000,4482760
20111212,000000,398.0000000,401.8800000,370.0800000,374.8800000,1458850
20111213,000000,374.0000000,379.5000000,355.2000000,375.4900000,1717420
20111214,000000,370.4200000,397.4800000,369.0400000,387.0000000,1821240
20111215,000000,379.2000000,389.0000000,372.1000000,385.0000000,2012180
20111216,000000,386.0000000,388.3200000,380.4900000,387.0700000,871270
20111219,000000,385.4000000,390.7400000,376.3000000,377.6000000,791760
20111220,000000,377.8700000,386.2400000,372.1100000,382.0000000,986230
20111221,000000,386.2000000,388.5400000,375.0100000,377.3300000,1107480
20111222,000000,378.0100000,382.4000000,376.3400000,378.7500000,990160
20111223,000000,380.6400000,381.5000000,377.1200000,379.0000000,334110
20111226,000000,381.1000000,383.5000000,378.0900000,381.0000000,177350
20111227,000000,380.7500000,380.9700000,374.0200000,378.6700000,242850
20111228,000000,378.8800000,382.6500000,375.1000000,376.8500000,459150
20111229,000000,375.9800000,382.0000000,375.8000000,378.8500000,860890
20111230,000000,380.7400000,395.6900000,378.4700000,393.7100000,1244620
20120103,000000,395.8000000,404.0200000,393.9000000,399.3900000,997860
20120104,000000,400.0000000,401.2000000,393.0900000,395.4300000,449810
20120105,000000,393.2000000,397.1900000,390.0300000,393.0100000,430890
20120106,000000,393.9900000,397.2000000,392.0400000,394.6400000,276170
20120109,000000,394.0800000,396.8500000,392.2900000,395.9700000,344400
20120110,000000,396.9700000,403.1800000,396.9700000,401.1300000,2003180
20120111,000000,401.5100000,403.2000000,393.5400000,395.4000000,985210
20120112,000000,397.3900000,400.6500000,391.1100000,391.5100000,1047370
20120113,000000,391.9000000,398.4600000,388.8800000,389.7100000,1146740
20120116,000000,388.9200000,390.2800000,384.8800000,388.7500000,638120
20120117,000000,391.0000000,399.2000000,389.3400000,392.3000000,1322330
20120118,000000,393.1700000,396.7600000,388.2000000,392.5000000,1096520
20120119,000000,394.9900000,396.0000000,390.0000000,390.0000000,729780
20120120,000000,391.1100000,392.0000000,381.7900000,387.2700000,2583250
20120123,000000,388.5000000,391.1500000,385.8000000,389.8000000,1018700
20120124,000000,388.9400000,389.5000000,385.1800000,386.5000000,1347060
20120125,000000,387.4000000,393.0100000,385.0100000,386.7500000,1497100
20120126,000000,389.8700000,391.5000000,385.2200000,387.5500000,2673600
20120127,000000,385.4300000,389.4900000,385.3500000,388.5600000,993850
20120130,000000,388.0000000,400.0000000,387.5000000,388.6400000,631360
20120131,000000,391.0000000,397.0000000,389.7700000,391.7100000,712280
20120201,000000,390.6700000,400.3800000,389.7100000,400.1000000,2346750
20120202,000000,401.1000000,401.7000000,397.0700000,399.5400000,1049360
20120203,000000,399.6200000,404.9000000,398.2100000,404.7000000,1130540
20120206,000000,403.9900000,409.0000000,402.0500000,405.1000000,1623610
20120207,000000,406.0000000,406.5700000,398.4000000,400.8600000,674500
20120208,000000,403.5300000,404.6000000,391.6400000,392.2000000,1039950
20120209,000000,393.0100000,399.1800000,384.3000000,390.0000000,3089480
20120210,000000,391.0000000,391.0400000,382.2000000,382.7700000,2016070
20120213,000000,386.6400000,395.7400000,383.6600000,390.0700000,918060
20120214,000000,392.8000000,398.4000000,389.9000000,394.6900000,492380
20120215,000000,395.7000000,401.0000000,394.6200000,398.9700000,777360
20120216,000000,395.0000000,396.9500000,390.7500000,395.4800000,398380
20120217,000000,398.0000000,399.0000000,386.0500000,390.0900000,915000
20120220,000000,393.3000000,397.0000000,391.0700000,395.0000000,384160
20120221,000000,393.4300000,395.1600000,387.5000000,388.7800000,386750
20120222,000000,389.0900000,395.9900000,385.2000000,386.0100000,854770
20120224,000000,387.9900000,402.1800000,386.0000000,402.0000000,1692730
20120227,000000,399.9600000,402.0100000,395.7000000,397.7900000,1146230
20120228,000000,398.4800000,402.4700000,394.2000000,396.9800000,1938410
20120229,000000,398.3000000,409.8700000,396.5000000,399.1400000,878350
20120301,000000,397.6000000,398.6100000,392.0500000,397.0000000,1527680
20120302,000000,398.5000000,404.0000000,398.0100000,403.9200000,1661160
20120305,000000,405.0000000,412.6000000,402.0100000,412.5000000,1400910
20120306,000000,410.6000000,414.4500000,396.5000000,400.0000000,2736150
20120307,000000,398.4000000,408.0000000,398.2800000,407.9000000,1782250
20120311,000000,411.4400000,419.0000000,409.1300000,418.0000000,637930
20120312,000000,415.6100000,421.4000000,410.1200000,414.1300000,1250970
20120313,000000,417.6300000,419.5500000,412.1900000,415.0000000,1055920
20120314,000000,418.2200000,419.0000000,406.4200000,416.7100000,1230510
20120315,000000,415.7900000,424.6900000,413.0100000,419.5000000,4144220
20120316,000000,423.6900000,423.6900000,415.0000000,416.0000000,636210
20120319,000000,418.0900000,419.9900000,402.0000000,407.9900000,1704780
20120320,000000,407.9900000,415.7000000,396.0000000,396.7000000,1788960
20120321,000000,399.6300000,403.6000000,392.0000000,400.0600000,1941030
20120322,000000,399.0000000,405.6000000,393.4000000,394.0000000,1665920
20120323,000000,396.5000000,400.9900000,392.9200000,399.9800000,1093720
20120326,000000,397.3000000,403.5000000,396.1000000,403.0000000,1048400
20120327,000000,404.6000000,406.9000000,398.9300000,401.3600000,526460
20120328,000000,400.2500000,403.5500000,385.3000000,388.0000000,1607610
20120329,000000,388.5000000,390.6200000,378.0000000,379.8200000,2617910
20120330,000000,382.4900000,397.7600000,382.4900000,392.0000000,1186140
20120402,000000,392.0000000,400.7700000,386.0000000,395.0000000,1014050
20120403,000000,396.9900000,406.1000000,394.0300000,403.5000000,1596100
20120404,000000,400.5900000,403.3800000,385.6000000,388.6100000,2040610
20120405,000000,390.9500000,394.9900000,385.8000000,393.5900000,1087770
20120406,000000,394.0000000,397.9600000,386.0000000,387.8000000,713810
20120409,000000,387.9500000,395.6700000,382.1000000,395.6700000,837350
20120410,000000,394.4300000,394.7700000,380.3000000,381.9600000,2119040
20120411,000000,382.0000000,391.2900000,377.8200000,386.8500000,1936310
20120412,000000,387.8000000,389.7400000,381.0000000,384.7700000,954710
20120413,000000,386.8000000,394.0000000,382.0000000,383.5000000,977410
20120416,000000,381.4600000,388.9900000,373.2300000,373.5000000,1474890
20120417,000000,375.0000000,379.1700000,372.4000000,375.4800000,1689020
20120418,000000,377.3800000,386.1000000,368.4000000,376.0000000,913310
20120419,000000,376.7000000,393.3300000,376.7000000,389.9000000,2139630
20120420,000000,386.4000000,392.0100000,385.1600000,388.4100000,1412460
20120423,000000,388.0000000,388.8500000,373.9000000,376.9900000,1047600
20120424,000000,377.8900000,377.8900000,370.8400000,372.0000000,976580
20120425,000000,374.5500000,378.0500000,372.4500000,374.5300000,665100
20120426,000000,377.0900000,377.8100000,372.1200000,375.9100000,987120
20120427,000000,375.9100000,382.9000000,373.4500000,381.9000000,755250
20120428,000000,381.5800000,383.0600000,378.0600000,378.5000000,101460
20120502,000000,375.0000000,375.0000000,337.0300000,340.7000000,4922910
20120503,000000,341.2000000,347.8800000,325.5600000,328.4900000,4916890
20120504,000000,328.4900000,330.6700000,313.1300000,314.2000000,3303520
20120505,000000,312.0000000,317.5000000,310.2000000,315.4000000,391890
20120507,000000,312.4000000,319.3000000,303.0000000,317.9600000,545260
20120508,000000,317.9600000,322.9900000,308.5100000,317.8900000,845330
20120510,000000,318.9700000,335.9500000,318.9700000,333.6000000,3479600
20120511,000000,329.6700000,336.8900000,323.2000000,330.4300000,1643560
20120512,000000,327.0000000,333.2000000,326.4500000,333.1000000,318610
20120514,000000,330.0000000,332.4000000,320.7700000,321.0000000,1037500
20120515,000000,321.9800000,332.8000000,315.5300000,330.9800000,3143330
20120516,000000,324.0000000,330.9900000,321.0100000,328.9200000,1346270
20120517,000000,329.9100000,330.0000000,314.0000000,316.0300000,1189860
20120518,000000,309.0000000,322.0100000,306.1400000,314.6800000,2036110
20120521,000000,315.7800000,319.9700000,305.1700000,317.3500000,1132880
20120522,000000,318.3900000,321.9800000,312.5100000,318.3900000,1829190
20120523,000000,313.8100000,315.0000000,295.0000000,295.0100000,2368060
20120524,000000,299.7000000,302.0000000,286.2400000,300.0200000,1082050
20120525,000000,299.0000000,304.9900000,297.0000000,302.1500000,835500
20120528,000000,304.7500000,306.6700000,299.5200000,300.1200000,580600
20120529,000000,302.9800000,304.1800000,294.0000000,298.2000000,1413420
20120530,000000,295.9500000,296.0000000,280.1600000,288.4600000,3362570
20120531,000000,287.9800000,297.0000000,287.9800000,290.1000000,5248700
20120601,000000,291.5600000,294.0900000,285.5900000,290.0000000,4157340
20120604,000000,287.1000000,300.7800000,287.0000000,297.9000000,1486760
20120605,000000,300.0100000,303.6500000,295.0000000,295.3000000,1028680
20120606,000000,297.8600000,302.4000000,291.0000000,302.0000000,1502440
20120607,000000,304.9300000,320.4500000,294.5000000,320.4400000,3268700
20120608,000000,316.0000000,322.9900000,313.0000000,322.9900000,1047780
20120609,000000,324.5300000,327.2900000,318.8600000,323.0000000,421450
20120613,000000,321.9300000,334.0000000,320.6100000,322.1000000,1304470
20120614,000000,324.0300000,328.0000000,315.2500000,324.8500000,955730
20120615,000000,326.5000000,335.5000000,322.0200000,333.3300000,4111880
20120618,000000,337.0000000,349.0000000,326.0000000,330.2800000,2104690
20120619,000000,330.5200000,336.0000000,329.1600000,329.1800000,884010
20120620,000000,329.0000000,331.5000000,321.6900000,328.0000000,766800
20120621,000000,325.7800000,331.4300000,318.0000000,319.8400000,1333810
20120622,000000,315.5500000,320.2900000,311.8300000,317.8000000,1724410
20120625,000000,316.2000000,319.8000000,309.5100000,311.9600000,1192800
20120626,000000,312.9700000,318.4800000,310.1500000,313.6400000,1175780
20120627,000000,315.9600000,318.7100000,314.1300000,316.5200000,1705560
20120628,000000,318.0000000,323.0100000,305.0000000,305.8800000,1692120
20120629,000000,309.7000000,328.0000000,309.1100000,326.3500000,2871480
20120702,000000,326.3600000,335.6000000,324.2200000,335.5000000,1554030
20120703,000000,335.4800000,345.0000000,335.4800000,344.6700000,1235110
20120704,000000,344.6700000,347.1600000,341.0100000,346.7000000,514370
20120705,000000,345.0300000,353.8500000,342.5200000,344.3200000,1335690
20120706,000000,343.8000000,349.1700000,330.1200000,330.2700000,920700
20120709,000000,333.2700000,335.5900000,325.4800000,328.0300000,921860
20120710,000000,327.6400000,331.7000000,323.0000000,327.8000000,1214130
20120711,000000,326.9100000,326.9100000,319.3000000,324.7700000,1218500
20120712,000000,325.0000000,327.0000000,317.0100000,326.9700000,1250910
20120713,000000,331.0000000,348.0100000,330.2400000,346.4500000,2166720
20120716,000000,346.7500000,355.7800000,344.0100000,352.5000000,1764500
20120717,000000,354.4400000,357.2700000,350.0300000,351.5000000,1450750
20120718,000000,353.4900000,354.4300000,351.1800000,352.6300000,716210
20120719,000000,354.0100000,361.0700000,353.5000000,357.4800000,1166000
20120720,000000,356.6700000,359.8000000,347.4200000,358.8000000,1326050
20120723,000000,355.0200000,356.7000000,339.0000000,343.0000000,1989330
20120724,000000,345.3000000,351.0000000,338.1300000,345.0000000,1212270
20120725,000000,341.1200000,348.4500000,340.0000000,343.0000000,1061010
20120726,000000,344.4700000,345.7000000,336.0100000,342.5500000,1160150
20120727,000000,343.9600000,345.0000000,338.5000000,341.3000000,1075660
20120730,000000,343.0000000,353.6900000,342.9200000,353.6900000,930800
20120731,000000,354.5000000,355.2000000,346.5000000,347.0000000,826990
20120801,000000,346.4700000,353.3300000,345.2500000,350.5000000,733840
20120802,000000,351.5000000,355.9000000,342.2100000,345.9800000,1266660
20120803,000000,344.9800000,354.4500000,344.0000000,354.0000000,906550
20120806,000000,355.0100000,362.2900000,350.5000000,358.2100000,1542800
20120807,000000,358.4400000,359.5000000,355.7000000,357.3800000,827610
20120808,000000,355.6000000,361.4800000,353.1100000,358.3000000,835540
20120809,000000,360.2800000,364.7000000,358.3000000,362.0000000,1129910
20120810,000000,359.2000000,361.5000000,352.7000000,353.3800000,822510
20120813,000000,354.6400000,363.4300000,354.3000000,360.8600000,859520
20120814,000000,361.7500000,369.0000000,361.5200000,366.3000000,1343200
20120815,000000,366.3000000,369.0000000,359.8800000,367.7000000,1192890
20120816,000000,369.5000000,371.1900000,365.1000000,369.6600000,1053180
20120817,000000,370.7000000,370.9900000,363.7000000,363.8100000,404650
20120820,000000,365.5800000,365.6100000,355.5500000,357.5000000,1787880
20120821,000000,359.4800000,372.5600000,359.0700000,371.2200000,1494790
20120822,000000,368.8400000,369.2000000,362.7000000,365.2900000,1077690
20120823,000000,367.4900000,371.6900000,365.9000000,366.5000000,2397480
20120824,000000,364.4800000,369.1000000,361.2100000,369.0000000,918900
20120827,000000,370.9000000,374.9000000,364.0400000,366.7000000,591220
20120828,000000,364.9000000,369.1900000,364.8700000,366.9500000,900660
20120829,000000,366.1600000,368.7000000,360.4700000,360.9500000,759930
20120830,000000,360.7400000,363.9000000,358.0100000,362.7300000,686420
20120831,000000,362.7000000,366.9500000,361.7300000,364.2000000,1125160
20120903,000000,364.8000000,368.5800000,363.1400000,367.3000000,754000
20120904,000000,367.3900000,368.5000000,364.1000000,364.1000000,727340
20120905,000000,364.3000000,366.8600000,360.3000000,364.1500000,892240
20120906,000000,364.2000000,371.8000000,364.2000000,370.5000000,949630
20120907,000000,371.2500000,374.9000000,368.3200000,369.9100000,2008930
20120910,000000,367.9900000,367.9900000,349.0100000,360.6000000,4231860
20120911,000000,357.0000000,361.2100000,354.1200000,359.1900000,1274770
20120912,000000,360.0000000,362.6800000,357.0000000,358.3000000,1468000
20120913,000000,357.0000000,359.8900000,354.7100000,354.9900000,820190
20120914,000000,365.0000000,376.7000000,361.5000000,374.0000000,3944980
20120917,000000,372.7200000,379.5000000,367.0000000,374.2000000,3227130
20120918,000000,373.2000000,376.0100000,369.0200000,369.4400000,1054880
20120919,000000,371.9000000,371.9700000,353.1000000,354.9300000,2712170
20120920,000000,352.9000000,364.7000000,350.5000000,362.9900000,2806360
20120921,000000,365.2500000,368.9800000,362.2000000,366.7100000,1130780
20120924,000000,366.5000000,366.5000000,360.2700000,364.9800000,956570
20120925,000000,365.0000000,366.9600000,358.0000000,358.5100000,786140
20120926,000000,354.5700000,357.7000000,348.5100000,349.0000000,1340460
20120927,000000,352.3400000,354.2500000,349.5100000,352.5200000,858010
20120928,000000,355.5200000,357.9000000,345.0300000,347.9900000,1265560
20121001,000000,348.0000000,364.0000000,348.0000000,364.0000000,1446340
20121002,000000,361.0000000,367.8900000,360.3100000,367.0300000,1430640
20121003,000000,365.0000000,367.5000000,360.8200000,362.5100000,765270
20121004,000000,363.8500000,364.4600000,352.1000000,356.0000000,1208740
20121005,000000,357.9900000,365.0000000,357.8000000,360.4000000,1271890
20121008,000000,358.5000000,362.9900000,355.0000000,362.9900000,863560
20121009,000000,363.8300000,364.2500000,357.7300000,360.6100000,900410
20121010,000000,359.0700000,361.7000000,356.2000000,356.5600000,595570
20121011,000000,357.2000000,360.2100000,355.3000000,356.6600000,798390
20121012,000000,357.0000000,357.3400000,350.5000000,352.2000000,1131350
20121015,000000,350.4400000,355.9900000,350.4400000,352.0100000,699770
20121016,000000,354.5700000,355.5300000,348.3700000,353.7000000,1012000
20121017,000000,354.0000000,363.3000000,351.0000000,363.3000000,1588110
20121018,000000,363.5200000,368.9500000,361.5800000,364.5400000,1376610
20121019,000000,363.3000000,364.4700000,358.5000000,360.5000000,988470
20121022,000000,359.1000000,362.8000000,357.0000000,362.7000000,874050
20121023,000000,363.0100000,363.6900000,349.7500000,351.5000000,1424810
20121024,000000,352.0800000,355.6700000,345.0000000,349.0000000,1810760
20121025,000000,351.5000000,351.5000000,343.9000000,344.4400000,1329760
20121026,000000,341.9900000,343.0000000,335.0000000,338.1000000,1610750
20121029,000000,335.1300000,336.9800000,326.3000000,336.1300000,835800
20121030,000000,336.1400000,338.5000000,331.0000000,331.5000000,718230
20121031,000000,333.4800000,343.5000000,332.5000000,340.2800000,1394930
20121101,000000,339.7700000,339.7700000,309.8500000,316.0000000,8809470
20121102,000000,313.9000000,320.4800000,308.2000000,318.1500000,3934710
20121106,000000,317.5500000,326.7000000,315.0700000,325.7600000,1703520
20121107,000000,326.4400000,333.9500000,321.7000000,322.0100000,2249040
20121108,000000,317.7000000,323.6900000,315.7000000,318.0000000,1682910
20121109,000000,318.3200000,321.6600000,315.0000000,318.5300000,796010
20121112,000000,319.1500000,323.1000000,316.5000000,322.0400000,1551110
20121113,000000,320.9500000,321.3600000,316.2700000,317.2100000,1165400
20121114,000000,318.7700000,320.4900000,315.7100000,317.2300000,992420
20121115,000000,318.7700000,318.9300000,313.5100000,316.0000000,1445900
20121116,000000,315.5700000,317.2500000,310.8000000,316.7000000,1531040
20121119,000000,318.9800000,326.0000000,318.9800000,324.5400000,1298810
20121120,000000,325.8100000,327.4900000,323.0100000,325.4900000,1375150
20121121,000000,324.1600000,329.6800000,322.6400000,328.2100000,940770
20121122,000000,328.8300000,329.9900000,327.4300000,329.0000000,595740
20121123,000000,329.2000000,332.0000000,327.5700000,330.6400000,912650
20121126,000000,330.6400000,332.3000000,327.6700000,328.4500000,591510
20121127,000000,330.0000000,331.9300000,324.8000000,326.2000000,807530
20121128,000000,324.8000000,326.6400000,318.6000000,319.3500000,810690
20121129,000000,321.2000000,325.4600000,321.0300000,324.3400000,439180
20121130,000000,324.1400000,332.0000000,322.0000000,331.9700000,1269570
20121203,000000,333.0000000,338.4000000,329.1600000,338.2000000,813860
20121204,000000,336.0700000,337.5000000,332.7600000,334.4500000,680770
20121205,000000,335.7700000,346.1000000,335.4100000,344.4800000,1450350
20121206,000000,344.8000000,349.4600000,341.1200000,344.0000000,1501390
20121207,000000,345.0800000,346.9000000,339.0000000,344.0200000,820560
20121210,000000,344.7300000,348.8900000,340.9300000,340.9300000,844090
20121211,000000,342.1000000,345.0000000,338.2200000,343.7500000,506740
20121212,000000,344.2100000,347.5800000,342.9400000,343.4400000,1277700
20121213,000000,344.4400000,347.0000000,341.4000000,344.5500000,1679440
20121214,000000,344.9800000,346.8000000,342.5300000,344.0000000,869770
20121217,000000,344.9800000,347.0000000,340.2700000,344.5400000,1591430
20121218,000000,345.9800000,347.8400000,345.1000000,346.8500000,844840
20121219,000000,347.5000000,348.8000000,344.2900000,344.9300000,425500
20121220,000000,344.6700000,349.8300000,343.5000000,346.0000000,1011380
20121221,000000,344.0000000,349.2000000,340.8800000,347.2900000,1028540
20121224,000000,347.3900000,348.8900000,342.0000000,342.0000000,643590
20121225,000000,343.7600000,343.7600000,340.7100000,342.9800000,268220
20121226,000000,343.4600000,344.7800000,340.7400000,343.5100000,184420
20121227,000000,343.0000000,348.9500000,341.5000000,344.0000000,1245170
20121228,000000,344.1600000,347.3700000,342.3900000,346.1000000,680650
20130108,000000,350.3000000,358.4900000,347.0000000,347.0000000,1008570
20130109,000000,347.8900000,351.4000000,344.1100000,347.7000000,626220
20130110,000000,348.4800000,348.8000000,343.3100000,343.3800000,547920
20130111,000000,344.9900000,345.3600000,330.0000000,342.4000000,964120
20130114,000000,343.0000000,346.8000000,342.5700000,345.1800000,397850
20130115,000000,345.1800000,345.4800000,339.0000000,339.2100000,774330
20130116,000000,338.9900000,341.4500000,330.1700000,331.4100000,1618850
20130117,000000,330.5100000,334.3100000,329.0100000,331.5500000,710990
20130118,000000,332.0500000,338.5100000,332.0000000,337.4400000,1446340
20130121,000000,338.2700000,338.3800000,335.1000000,337.2000000,535380
20130122,000000,338.0000000,338.0000000,330.8400000,333.7500000,409120
20130123,000000,333.7500000,342.7000000,331.0000000,341.9400000,950140
20130124,000000,340.5000000,341.0000000,335.0500000,337.2400000,1213220
20130125,000000,336.5600000,340.3300000,335.4300000,339.5000000,856760
20130128,000000,341.0000000,344.8800000,338.5000000,344.5000000,1176440
20130129,000000,344.5000000,344.5000000,340.8600000,341.0300000,714650
20130130,000000,342.5000000,343.9900000,336.0100000,340.3700000,646400
20130131,000000,339.4700000,339.4700000,332.2400000,333.8100000,841360
20130201,000000,335.0300000,339.3000000,335.0300000,338.4400000,546200
20130204,000000,338.4600000,339.7000000,336.0000000,338.7800000,634230
20130205,000000,337.9300000,343.4400000,335.7800000,336.6500000,803030
20130206,000000,338.0000000,342.0000000,336.0000000,336.3300000,764010
20130207,000000,336.4800000,337.3100000,332.0000000,334.2400000,448650
20130208,000000,334.2400000,335.9700000,329.5500000,335.9300000,827800
20130211,000000,335.4400000,341.3700000,334.0400000,339.1000000,955360
20130212,000000,339.8900000,339.8900000,328.2600000,330.0000000,1749360
20130213,000000,331.1000000,338.0000000,329.6100000,336.7500000,2495930
20130214,000000,336.2700000,337.5600000,330.5500000,330.8000000,1068910
20130215,000000,332.1800000,334.7700000,329.2400000,329.8300000,1397990
20130218,000000,329.8300000,331.5900000,327.7100000,331.2000000,1168190
20130219,000000,330.8900000,332.5000000,329.1900000,329.5000000,623920
20130220,000000,330.0400000,330.6100000,323.9000000,323.9300000,883030
20130221,000000,322.1700000,322.9300000,319.0500000,320.5100000,1034410
20130222,000000,320.5300000,325.0000000,318.7700000,322.8700000,461410
20130225,000000,323.5700000,327.0000000,322.0000000,327.0000000,415460
20130226,000000,323.7300000,329.5000000,322.0400000,327.0400000,850220
20130227,000000,328.3600000,329.7000000,325.2800000,329.7000000,630160
20130228,000000,329.9700000,331.1300000,324.5000000,328.5000000,928200
20130301,000000,327.7100000,328.9400000,314.2500000,317.0000000,1785100
20130304,000000,316.0000000,319.4700000,305.0000000,305.0000000,1974330
20130305,000000,306.8400000,314.4400000,305.5700000,313.3000000,1130200
20130306,000000,314.4000000,320.0000000,313.3300000,318.0000000,1114590
20130307,000000,318.4700000,320.4800000,310.5100000,311.7500000,632350
20130311,000000,312.7500000,319.2700000,310.5000000,310.8300000,1266000
20130312,000000,311.1000000,311.3000000,306.5100000,308.0500000,1073940
20130313,000000,307.9900000,310.5500000,303.0000000,304.0500000,2288960
20130314,000000,305.0000000,311.7700000,304.1000000,311.3500000,2084920
20130315,000000,312.0000000,318.0000000,312.0000000,316.0000000,2499440
20130318,000000,310.8500000,313.0000000,301.3500000,308.2500000,2059750
20130319,000000,309.5000000,311.1700000,305.3000000,305.6100000,1270010
20130320,000000,306.0000000,312.9800000,305.0500000,312.9500000,1456030
20130321,000000,313.8800000,317.9500000,311.0100000,315.4700000,1363580
20130322,000000,312.4700000,315.4000000,308.0000000,313.6600000,1177960
20130325,000000,315.5500000,317.9600000,308.5500000,309.4800000,540030
20130326,000000,309.0900000,312.8100000,307.6500000,308.4400000,1216100
20130327,000000,309.0500000,314.0000000,309.0500000,312.7800000,855970
20130328,000000,314.0000000,315.2000000,311.0000000,314.7900000,615640
20130329,000000,315.4800000,315.8700000,314.0600000,314.9000000,132760
20130401,000000,314.9000000,319.4900000,312.0100000,317.1700000,470390
20130402,000000,317.0000000,319.4800000,315.7800000,318.5800000,641980
20130403,000000,318.3000000,319.6800000,315.9000000,317.2500000,758490
20130404,000000,317.2500000,318.2000000,315.0200000,315.5800000,929620
20130405,000000,315.6800000,318.0000000,313.0300000,315.8000000,2062560
20130408,000000,315.8000000,317.8700000,312.0100000,313.0000000,818930
20130409,000000,315.0000000,318.7800000,314.5500000,317.6100000,569120
20130410,000000,317.8900000,318.8000000,316.0400000,316.7000000,421180
20130411,000000,317.6000000,319.2900000,315.0000000,315.2300000,578890
20130412,000000,315.3300000,316.8900000,313.3600000,314.6800000,467010
20130415,000000,313.5000000,318.4700000,311.1300000,311.1300000,1146360
20130416,000000,311.1300000,314.9000000,309.1200000,310.5500000,704100
20130417,000000,311.0600000,312.7600000,304.0000000,307.6000000,881460
20130418,000000,307.5900000,310.5000000,306.7500000,307.8600000,799230
20130419,000000,309.0000000,309.3700000,302.2000000,303.0200000,564930
20130422,000000,305.0600000,309.4900000,297.0700000,297.8800000,1134100
20130423,000000,297.5000000,301.0600000,291.2900000,294.9500000,1037140
20130424,000000,295.9500000,308.0000000,295.2400000,307.5000000,1046010
20130425,000000,307.5000000,307.5900000,296.7000000,297.4400000,841340
20130426,000000,296.3100000,300.0000000,292.0000000,296.6700000,1202470
20130429,000000,296.6700000,301.9600000,288.5800000,290.0000000,1000530
20130430,000000,291.0000000,296.0000000,287.7500000,292.2800000,878400
20130502,000000,290.5000000,298.0000000,289.5400000,291.2100000,321090
20130503,000000,292.2500000,303.0000000,291.3200000,302.6700000,629760
20130506,000000,303.1500000,304.8600000,299.2200000,302.6000000,536940
20130507,000000,302.5700000,314.5000000,301.4500000,313.3200000,1548730
20130508,000000,314.8600000,315.0000000,310.8000000,314.9300000,628380
20130510,000000,314.9300000,322.9500000,309.3300000,310.0000000,433740
20130513,000000,310.0000000,312.9700000,307.0000000,310.3500000,544250
20130514,000000,309.0300000,321.0000000,305.0500000,306.1000000,1249300
20130515,000000,308.0000000,309.4800000,299.9700000,305.1400000,938420
20130516,000000,306.0000000,306.4400000,294.5000000,295.1900000,750310
20130517,000000,295.2000000,306.4000000,293.1700000,305.1700000,681480
20130520,000000,305.1700000,308.7000000,300.0000000,305.0200000,521020
20130521,000000,305.0200000,313.1300000,304.0000000,312.0100000,463560
20130522,000000,311.8500000,330.0000000,310.8700000,327.9900000,1782050
20130523,000000,323.0000000,329.3400000,317.6600000,321.7100000,2008610
20130524,000000,322.9000000,326.8700000,321.2300000,323.5000000,1184680
20130527,000000,324.7900000,326.9900000,322.5100000,323.7500000,205720
20130528,000000,325.0000000,332.9800000,323.9900000,330.2900000,1326720
20130529,000000,328.5000000,328.5000000,319.2300000,319.7100000,1387100
20130530,000000,319.5000000,327.9900000,314.8100000,324.4200000,1418200
20130531,000000,325.0000000,331.8700000,316.8700000,320.9900000,1534020
20130603,000000,318.4700000,319.5000000,310.3000000,311.8000000,1712710
20130604,000000,312.6000000,316.7700000,308.5800000,311.0000000,961450
20130605,000000,311.0100000,311.0100000,303.6000000,306.5000000,1182140
20130606,000000,306.1600000,307.9000000,300.0700000,301.5000000,979760
20130607,000000,301.3700000,310.5000000,301.3700000,308.2600000,832910
20130610,000000,308.8100000,312.5500000,307.3100000,309.5800000,653080
20130611,000000,307.9000000,313.0000000,301.5000000,305.0000000,1294760
20130613,000000,302.0000000,305.7600000,297.0000000,302.6100000,928960
