20100111,000000,149.6000000,150.0100000,144.6000000,145.9700000,3067442
20100112,000000,146.0000000,147.7900000,144.4500000,144.7600000,1258098
20100113,000000,144.9900000,145.8400000,143.3100000,144.4000000,1068163
20100114,000000,145.3800000,154.7000000,144.1100000,154.7000000,5412689
20100115,000000,155.0000000,161.9500000,152.0000000,158.4000000,6709815
20100118,000000,158.8300000,161.8900000,156.0000000,156.7800000,3457024
20100119,000000,156.9000000,156.9500000,152.2600000,154.0100000,1958805
20100120,000000,154.0200000,154.5100000,149.5000000,150.2000000,1153622
20100121,000000,150.9000000,152.4400000,147.6000000,148.0000000,1414514
20100122,000000,146.6000000,152.1200000,145.0500000,151.2000000,2557217
20100125,000000,150.8800000,155.0000000,148.5200000,149.4800000,1472970
20100126,000000,149.0000000,149.5000000,146.7700000,147.4000000,906183
20100127,000000,147.2900000,151.1900000,146.2700000,147.0500000,818565
20100128,000000,148.5000000,150.6500000,147.3500000,148.1900000,1080277
20100129,000000,147.9900000,149.6900000,147.1200000,147.7900000,623228
20100201,000000,148.4900000,150.9000000,147.5000000,150.1000000,1107696
20100202,000000,151.0100000,159.2000000,149.0100000,157.9900000,3919692
20100203,000000,159.7000000,160.9000000,153.0100000,154.1300000,3119839
20100204,000000,154.0000000,156.2200000,149.5200000,150.1400000,1653907
20100205,000000,148.4000000,153.6000000,148.0000000,151.9000000,3120508
20100208,000000,151.9900000,154.8400000,150.1100000,151.3000000,1106222
20100209,000000,152.0000000,152.8000000,149.1100000,150.2900000,443442
20100210,000000,150.2900000,152.4100000,148.6000000,149.3000000,438394
20100211,000000,150.6400000,150.7500000,146.2000000,147.5000000,954242
20100212,000000,148.1000000,148.4900000,145.0500000,145.7700000,886209
20100215,000000,145.5600000,147.7900000,145.0100000,146.5300000,281708
20100216,000000,147.0200000,149.3000000,146.5300000,149.2000000,784585
20100217,000000,149.4100000,151.0700000,148.4800000,149.0000000,768177
20100218,000000,148.8900000,148.8900000,145.7100000,146.6700000,612507
20100219,000000,146.4100000,146.9800000,145.0200000,146.0000000,611709
20100224,000000,145.5100000,149.2500000,145.3500000,147.0500000,1228929
20100225,000000,147.7600000,148.0000000,140.4500000,142.5000000,1552686
20100226,000000,143.7100000,144.7700000,142.1200000,142.7800000,1039371
20100227,000000,143.3900000,144.8800000,142.6900000,143.9900000,662117
20100301,000000,144.4000000,145.3900000,142.8700000,144.1400000,605906
20100302,000000,144.3500000,147.7400000,144.3000000,145.9800000,1827544
20100303,000000,145.9800000,146.5900000,143.7000000,144.5000000,1291547
20100304,000000,144.6000000,145.8900000,144.6000000,145.1100000,712528
20100305,000000,145.5000000,145.9300000,144.7800000,145.1000000,846001
20100309,000000,145.6800000,148.0000000,145.5500000,147.7900000,1050103
20100310,000000,147.5400000,151.5600000,146.7800000,148.5900000,1578480
20100311,000000,148.4500000,149.5000000,147.5000000,148.1900000,619266
20100312,000000,148.9900000,153.6900000,148.9900000,152.1900000,2387432
20100315,000000,152.5900000,156.2700000,151.6200000,153.0000000,1903358
20100316,000000,153.9600000,156.4400000,152.5400000,155.9500000,1352467
20100317,000000,157.0500000,157.5500000,154.0500000,154.9900000,1468040
20100318,000000,154.9900000,156.2900000,154.1400000,155.1600000,1042446
20100319,000000,155.1500000,156.0000000,150.8700000,150.8700000,1399500
20100322,000000,150.0100000,153.2000000,149.5500000,152.2400000,796319
20100323,000000,152.0600000,155.2900000,150.0100000,154.3000000,1775990
20100324,000000,155.0000000,155.4900000,151.5100000,151.5200000,982829
20100325,000000,151.8500000,153.4600000,148.5000000,149.7800000,827606
20100326,000000,150.0400000,151.2300000,148.6200000,149.0000000,515811
20100329,000000,149.0000000,149.5100000,144.6000000,146.1000000,2230484
20100330,000000,146.5000000,147.3300000,145.6500000,147.0000000,829727
20100331,000000,147.8800000,149.0000000,147.0100000,148.1000000,1426991
20100401,000000,148.6100000,149.8000000,147.2000000,147.5000000,1145119
20100402,000000,147.8900000,148.5000000,146.5600000,147.0000000,582066
20100405,000000,147.5000000,149.4400000,147.1300000,147.9900000,725163
20100406,000000,146.0000000,147.7700000,144.8900000,147.4000000,1013676
20100407,000000,147.2300000,147.3900000,145.5000000,145.6800000,553229
20100408,000000,145.5100000,145.6000000,140.0000000,142.5400000,1483487
20100409,000000,142.8000000,143.7000000,142.0000000,143.0900000,872123
20100412,000000,143.0100000,143.5400000,141.7000000,142.3700000,572590
20100413,000000,142.3600000,143.6900000,141.4900000,141.9700000,776947
20100414,000000,142.3700000,142.8600000,141.7400000,142.1600000,540072
20100415,000000,142.5300000,142.5300000,140.2500000,141.1500000,585683
20100416,000000,141.0800000,141.1900000,139.0500000,139.5500000,749114
20100419,000000,138.9200000,139.6100000,130.0000000,134.9000000,1164829
20100420,000000,136.0000000,137.0000000,134.5000000,135.0500000,558761
20100421,000000,135.3000000,136.0000000,133.0100000,133.2100000,546425
20100422,000000,133.2100000,133.7400000,129.1000000,129.8000000,794802
20100423,000000,130.1100000,131.5100000,129.0000000,131.3100000,729938
20100426,000000,131.5100000,134.3000000,131.0100000,131.7800000,689472
20100427,000000,131.4600000,131.9300000,129.1000000,129.5200000,497792
20100428,000000,127.0100000,128.0100000,125.1000000,125.3000000,550572
20100429,000000,126.4500000,128.9800000,125.6000000,127.6000000,442888
20100430,000000,128.1000000,129.1900000,123.6000000,123.8100000,783553
20100504,000000,124.5000000,124.5000000,117.9000000,118.4900000,1153312
20100505,000000,118.5100000,123.2500000,116.5000000,118.1700000,1799290
20100506,000000,118.4900000,120.9200000,116.6000000,117.1700000,737712
20100507,000000,114.5000000,114.8900000,99.9900000,100.1000000,2699108
20100511,000000,105.5000000,107.7000000,101.9000000,103.4500000,1333402
20100512,000000,102.9800000,108.7000000,101.0100000,108.7000000,1429670
20100513,000000,109.6900000,119.4300000,106.8400000,118.6900000,3425692
20100514,000000,119.1000000,119.1100000,110.3700000,111.2100000,1909915
20100517,000000,108.8000000,113.4900000,106.4900000,111.0000000,963720
20100518,000000,111.5000000,112.5000000,109.5900000,111.0900000,434002
20100519,000000,109.0200000,109.0200000,106.2000000,106.8600000,681322
20100520,000000,107.3400000,109.8000000,102.0000000,102.2500000,892685
20100521,000000,102.8000000,105.1500000,96.0000000,101.1000000,1009082
20100524,000000,102.0100000,103.4800000,101.0500000,101.9000000,302351
20100525,000000,98.8000000,98.8800000,95.1300000,95.8000000,396576
20100526,000000,97.5000000,99.9000000,96.8800000,99.0000000,829445
20100527,000000,99.4000000,102.7900000,98.5300000,101.7500000,884631
20100528,000000,102.9900000,109.0000000,102.0700000,104.1000000,1495536
20100531,000000,104.0100000,106.6900000,103.2900000,105.5000000,468558
20100601,000000,104.4100000,105.5300000,101.1200000,104.6000000,697554
20100602,000000,103.3000000,105.5000000,102.0000000,105.0000000,453030
20100603,000000,106.6800000,107.9800000,105.5000000,105.5900000,608980
20100604,000000,106.0000000,106.4500000,102.5100000,103.1700000,493650
20100607,000000,100.6000000,102.4000000,99.0100000,101.7000000,644123
20100608,000000,100.5000000,102.4800000,100.1100000,100.7800000,458919
20100609,000000,101.8000000,104.5400000,100.6800000,102.5400000,510876
20100610,000000,103.4200000,108.8000000,102.7100000,105.7900000,1744704
20100611,000000,106.8600000,107.0000000,104.1600000,105.9000000,676113
20100615,000000,106.5000000,108.0000000,105.5100000,107.0100000,609278
20100616,000000,107.6000000,108.1500000,104.3600000,106.1000000,652361
20100617,000000,105.5000000,107.5000000,105.1800000,105.8900000,643190
20100618,000000,106.6000000,107.4900000,105.5500000,105.9900000,421268
20100621,000000,107.2600000,109.6500000,106.6200000,109.4800000,956405
20100622,000000,108.9000000,114.4000000,106.1200000,113.6800000,1683160
20100623,000000,112.9900000,120.5000000,111.4900000,117.7700000,3447583
20100624,000000,118.4400000,119.6000000,116.1200000,116.8800000,1602483
20100625,000000,117.0000000,118.9500000,114.3000000,117.0000000,941064
20100628,000000,117.0200000,118.9900000,116.0400000,116.1100000,442147
20100629,000000,115.2900000,115.6400000,109.6000000,110.0000000,963717
20100630,000000,110.0000000,113.5000000,109.5000000,111.6000000,946662
20100701,000000,109.5500000,109.9900000,105.0000000,105.5000000,618047
20100702,000000,106.0000000,108.7800000,105.3000000,108.0000000,437047
20100705,000000,108.5000000,110.3400000,107.0100000,108.0000000,329935
20100706,000000,108.3000000,111.5000000,108.3000000,110.2900000,734344
20100707,000000,109.7500000,110.8400000,108.0300000,110.0100000,381900
20100708,000000,111.2200000,112.9800000,108.8600000,110.0000000,539251
20100709,000000,110.4000000,111.3800000,108.8700000,109.4500000,203045
20100712,000000,109.9700000,111.0000000,108.9900000,110.4000000,378940
20100713,000000,109.7800000,112.3000000,109.3300000,111.1500000,572909
20100714,000000,111.9700000,112.3100000,109.5500000,109.9500000,317660
20100715,000000,110.0300000,111.4000000,108.8000000,109.2600000,580004
20100716,000000,109.4000000,110.2000000,106.4000000,106.7100000,419479
20100719,000000,106.5500000,107.5900000,105.5000000,107.2000000,292984
20100720,000000,107.1000000,108.1100000,104.7300000,105.1700000,268502
20100721,000000,105.3700000,106.9600000,105.3700000,105.9800000,256988
20100722,000000,105.5000000,107.3600000,105.2600000,107.0000000,457255
20100723,000000,107.7500000,108.1500000,106.4600000,107.2000000,321817
20100726,000000,107.3700000,107.9000000,106.0700000,106.4600000,313630
20100727,000000,107.0000000,112.6500000,105.8000000,112.4800000,1803471
20100728,000000,111.5800000,113.5300000,111.5100000,112.5700000,1252597
20100729,000000,113.4700000,114.2500000,112.2900000,112.4900000,1493219
20100730,000000,112.3000000,112.9700000,110.0600000,110.7500000,559594
20100802,000000,111.2500000,113.4100000,111.2500000,113.0800000,634939
20100803,000000,113.4300000,113.6400000,110.7000000,111.1300000,652694
20100804,000000,111.1500000,112.1600000,109.5000000,111.0600000,334093
20100805,000000,111.3300000,111.7200000,110.1100000,110.1100000,199450
20100806,000000,110.5000000,111.2600000,109.2000000,110.6000000,235544
20100809,000000,111.1100000,113.3000000,110.1200000,112.0000000,818178
20100810,000000,112.1700000,112.1700000,110.3600000,110.4900000,222258
20100811,000000,109.7000000,110.0400000,108.0100000,108.8100000,282246
20100812,000000,108.0100000,109.3300000,107.5100000,108.3300000,299958
20100813,000000,108.6200000,109.2800000,107.9900000,108.9100000,154499
20100816,000000,108.9600000,109.1500000,106.4500000,108.3500000,238485
20100817,000000,108.4500000,109.5000000,108.0600000,109.1700000,210687
20100818,000000,109.0000000,112.3700000,108.6100000,110.8900000,991968
20100819,000000,111.5100000,111.5500000,108.7200000,108.8000000,331529
20100820,000000,109.1600000,109.7700000,108.0000000,108.7000000,263633
20100823,000000,108.6700000,109.3000000,108.3000000,108.8100000,135979
20100824,000000,108.7500000,111.7100000,108.0200000,108.7000000,864598
20100825,000000,107.7400000,109.7700000,107.1000000,107.6700000,508318
20100826,000000,108.1600000,109.5100000,107.3900000,108.2400000,437965
20100827,000000,108.3400000,111.1200000,108.0000000,109.7900000,1229123
20100830,000000,110.1600000,120.8000000,110.1500000,119.8400000,9478938
20100831,000000,117.5000000,127.4500000,116.5000000,123.5000000,10559602
20100901,000000,124.2900000,126.9000000,117.7000000,120.1000000,4375075
20100902,000000,120.3400000,123.9400000,117.7200000,122.5000000,2763813
20100903,000000,122.5300000,123.4900000,120.8000000,122.3000000,1779785
20100906,000000,122.0000000,124.6000000,120.8500000,123.0700000,1601347
20100907,000000,122.9000000,125.0000000,122.3100000,123.2000000,1179829
20100908,000000,122.8400000,124.8500000,121.5000000,124.0000000,883666
20100909,000000,124.3100000,131.3000000,123.3100000,131.0000000,4300323
20100910,000000,130.3000000,134.6500000,128.1100000,132.0000000,3365027
20100913,000000,134.5000000,134.9400000,130.6000000,131.5500000,1126529
20100914,000000,131.5800000,144.6600000,131.0300000,143.4700000,7680319
20100915,000000,144.1000000,147.7600000,138.3000000,142.2300000,5993571
20100916,000000,142.4400000,144.0600000,139.2200000,139.2200000,1893962
20100917,000000,140.0200000,142.4900000,135.5000000,135.8000000,1695323
20100920,000000,137.3500000,139.0000000,134.8200000,136.2500000,1355837
20100921,000000,136.7900000,141.8000000,135.4200000,136.1500000,2782368
20100922,000000,136.6600000,139.5000000,135.8000000,136.0000000,915675
20100923,000000,136.7200000,139.4000000,132.0100000,134.4400000,1380253
20100924,000000,134.2600000,135.9000000,132.7000000,133.5400000,761820
20100927,000000,134.0100000,137.9200000,134.0100000,135.4000000,1460360
20100928,000000,135.3000000,136.7800000,132.2100000,135.3000000,1413692
20100929,000000,135.5000000,137.4900000,134.0100000,135.4300000,409721
20100930,000000,135.4000000,135.4000000,132.6000000,133.5200000,746395
20101001,000000,134.0400000,135.3000000,133.5500000,134.1800000,812804
20101004,000000,134.6600000,135.2000000,132.8200000,133.0000000,609651
20101005,000000,133.1700000,133.7500000,130.7000000,132.2600000,708684
20101006,000000,132.7000000,138.2200000,131.5300000,137.4000000,2607973
20101007,000000,137.8000000,138.3000000,135.0100000,135.8600000,587346
20101008,000000,135.6600000,136.7700000,134.2300000,135.2000000,413305
20101011,000000,135.6700000,137.7000000,134.9600000,135.6400000,600311
20101012,000000,135.7100000,137.6000000,135.0000000,136.2700000,696663
20101013,000000,137.2300000,139.3000000,136.0200000,138.4000000,898467
20101014,000000,139.0000000,141.9700000,136.8800000,137.0000000,1850519
20101015,000000,137.6800000,138.4000000,136.3000000,137.2000000,468387
20101018,000000,137.1700000,138.6500000,136.8700000,137.9800000,405271
20101019,000000,138.0500000,139.9900000,136.8500000,139.7700000,1166686
20101020,000000,139.5000000,140.9000000,132.5500000,138.2200000,790032
20101021,000000,138.2000000,139.9000000,137.5400000,138.1900000,411423
20101022,000000,138.4900000,138.9900000,135.4600000,135.5000000,553700
20101025,000000,137.0000000,137.4500000,135.9300000,136.7500000,433160
20101026,000000,136.6800000,137.2900000,135.0000000,136.9100000,480066
20101027,000000,137.1900000,138.4000000,136.0000000,136.5300000,352310
20101028,000000,136.9700000,137.6800000,136.1400000,136.7900000,231892
20101029,000000,136.8000000,138.0000000,136.4400000,136.6200000,334091
20101101,000000,137.0000000,141.3000000,137.0000000,138.7100000,1210028
20101102,000000,138.9400000,139.9900000,138.0200000,138.7400000,317123
20101103,000000,139.3500000,139.8800000,138.1200000,138.2000000,251078
20101108,000000,140.1200000,141.1200000,137.9100000,139.9800000,526050
20101109,000000,140.3500000,143.0000000,139.7700000,141.0000000,700670
20101110,000000,141.6500000,145.8900000,138.9000000,140.1800000,2345236
20101111,000000,140.7000000,141.2000000,136.0000000,136.4200000,1106534
20101112,000000,136.5000000,139.8000000,132.7700000,139.0000000,866670
20101113,000000,138.6000000,141.2000000,137.2200000,139.8700000,399842
20101115,000000,139.9800000,140.9500000,137.5500000,140.5900000,582182
20101116,000000,139.7900000,140.2000000,138.5000000,138.5100000,369754
20101117,000000,138.4000000,140.5800000,137.7200000,140.3000000,1010857
20101118,000000,140.5700000,142.4000000,139.7000000,140.8800000,427314
20101119,000000,141.0300000,141.5500000,139.0100000,140.1700000,306041
20101122,000000,140.3900000,142.5000000,140.0000000,140.4300000,289181
20101123,000000,139.5000000,140.4800000,137.4400000,138.7000000,301348
20101124,000000,139.2900000,139.4900000,137.6500000,138.6700000,274002
20101125,000000,138.9900000,139.5000000,138.0300000,138.6600000,212261
20101126,000000,138.6800000,141.3700000,137.6000000,138.8300000,326578
20101129,000000,139.8800000,141.5000000,137.8000000,138.3100000,343976
20101130,000000,138.6800000,140.7500000,137.5000000,139.2400000,182122
20101201,000000,139.8500000,141.3500000,139.0500000,140.0000000,217634
20101202,000000,140.0100000,140.9900000,139.5000000,139.7700000,290846
20101203,000000,140.0000000,140.5900000,138.1400000,139.2400000,409993
20101206,000000,140.1000000,140.1000000,138.3700000,139.4800000,373636
20101207,000000,139.5100000,144.9400000,139.5000000,143.2000000,1680875
20101208,000000,143.0000000,146.9400000,141.7700000,145.5700000,983520
20101209,000000,146.8100000,148.5000000,144.0000000,144.4800000,1046665
20101210,000000,145.0100000,148.0000000,144.5000000,147.1700000,755182
20101213,000000,147.2200000,148.4700000,145.0000000,146.0200000,540896
20101214,000000,145.7000000,146.8200000,144.7100000,146.5700000,319050
20101215,000000,146.0600000,147.3200000,144.8000000,145.7400000,431798
20101216,000000,145.1300000,147.5000000,145.0500000,145.3000000,411086
20101217,000000,146.0000000,148.7000000,145.3400000,147.1900000,721353
20101220,000000,146.6100000,148.0000000,145.5000000,146.0000000,375444
20101221,000000,146.1500000,147.4000000,145.9600000,146.7000000,264860
20101222,000000,147.1000000,147.4000000,146.0000000,146.5600000,392962
20101223,000000,146.2100000,146.9900000,146.0300000,146.2600000,171956
20101224,000000,146.2600000,147.5000000,143.6800000,144.5600000,463025
20101227,000000,144.4800000,144.6000000,141.9700000,144.3000000,277382
20101228,000000,143.7200000,146.5000000,143.5900000,144.5200000,421712
20101229,000000,144.5200000,150.8500000,143.1100000,150.5500000,910059
20101230,000000,150.0000000,158.5000000,149.0100000,155.7500000,3763395
20110111,000000,156.0000000,165.3000000,154.0000000,163.1500000,1845198
20110112,000000,164.0000000,186.7900000,163.9000000,178.0500000,7125270
20110113,000000,179.0000000,182.8500000,172.5000000,175.7000000,2728101
20110114,000000,175.0200000,182.2000000,174.1400000,176.8800000,1891024
20110117,000000,177.0400000,179.8500000,174.6000000,175.0000000,963977
20110118,000000,175.9500000,175.9900000,170.1600000,172.0000000,1213699
20110119,000000,172.0100000,172.0100000,166.6800000,167.4300000,1244423
20110120,000000,165.6000000,171.8900000,164.1300000,168.5000000,1554959
20110121,000000,168.4900000,171.8300000,167.8000000,168.5000000,769740
20110124,000000,168.9400000,169.2000000,164.7000000,165.7000000,763106
20110125,000000,167.4500000,171.4000000,165.1900000,167.8000000,1684245
20110126,000000,168.4400000,170.4900000,168.0300000,168.9600000,597771
20110127,000000,169.1100000,169.9400000,165.5500000,167.0000000,447480
20110128,000000,167.0000000,168.7000000,165.5000000,165.5100000,444461
20110131,000000,165.5100000,166.8300000,162.0000000,165.7500000,659217
20110201,000000,166.5000000,171.2000000,166.0600000,169.9000000,1136311
20110202,000000,170.8900000,172.8000000,168.0700000,168.6900000,1446345
20110203,000000,168.8100000,171.0000000,167.0100000,167.2000000,389659
20110204,000000,167.5200000,168.9900000,166.4900000,166.9900000,355712
20110207,000000,167.3300000,168.9100000,165.9000000,167.4900000,318761
20110208,000000,167.4900000,168.3000000,166.1300000,167.2500000,318409
20110209,000000,167.5500000,168.0000000,166.0100000,166.7700000,222707
20110210,000000,166.5000000,166.5000000,160.0000000,160.9900000,881840
20110211,000000,161.0100000,162.1000000,160.5200000,162.0000000,398390
20110214,000000,163.0100000,163.7000000,160.4500000,160.5100000,309209
20110215,000000,160.9900000,162.5000000,160.0100000,160.5000000,251544
20110216,000000,160.8700000,162.5000000,160.0100000,160.9300000,235218
20110217,000000,161.0000000,161.8000000,158.5100000,159.7000000,419372
20110218,000000,160.0000000,160.8300000,155.8200000,156.0000000,778612
20110221,000000,156.6900000,156.9700000,153.1600000,154.0000000,549398
20110222,000000,153.5100000,153.7400000,149.0000000,149.1000000,1014567
20110224,000000,148.0000000,149.2000000,144.8100000,147.0000000,898804
20110225,000000,147.7900000,155.8200000,147.0000000,153.5000000,1621987
20110228,000000,154.0300000,155.5100000,152.6400000,155.0500000,722675
20110301,000000,155.0500000,160.5000000,155.0100000,160.2000000,1200760
20110302,000000,160.0000000,160.0000000,156.0000000,158.7700000,560170
20110303,000000,159.0000000,163.4500000,158.0200000,161.3000000,957270
20110304,000000,162.4300000,162.4800000,160.1000000,161.5100000,564130
20110305,000000,161.7400000,161.8400000,160.4000000,160.7700000,275140
20110309,000000,160.7700000,165.8900000,160.7700000,163.9400000,908720
20110310,000000,163.0000000,167.9500000,163.0000000,166.2300000,1684900
20110311,000000,166.0000000,166.2900000,161.0100000,164.0000000,747300
20110314,000000,164.0000000,164.0100000,160.5200000,162.7000000,424890
20110315,000000,158.7600000,160.9800000,153.2100000,158.2500000,669420
20110316,000000,159.5700000,160.9700000,154.9000000,155.0100000,565830
20110317,000000,155.5200000,157.4400000,154.4400000,156.8500000,350720
20110318,000000,157.1400000,159.0000000,155.0000000,155.7000000,432210
20110321,000000,156.7200000,158.5000000,154.9800000,157.1000000,496140
20110322,000000,157.1600000,161.7800000,155.4000000,161.7000000,1107310
20110323,000000,160.1000000,163.5000000,160.0800000,161.9600000,982650
20110324,000000,162.8900000,163.8500000,160.8100000,162.2100000,408880
20110325,000000,163.0500000,174.7100000,163.0500000,171.5000000,4297890
20110328,000000,171.8000000,178.7900000,171.1300000,174.3000000,2310720
20110329,000000,174.5100000,177.0000000,169.3100000,170.1700000,1406480
20110330,000000,171.0000000,172.8700000,167.1900000,168.8500000,779940
20110331,000000,169.9900000,174.3600000,167.1100000,171.8100000,1583740
20110401,000000,172.0000000,175.9600000,170.4800000,170.7000000,1516850
20110404,000000,171.5000000,172.8800000,170.8700000,171.5000000,915990
20110405,000000,171.7800000,172.7000000,169.4400000,172.2400000,1427850
20110406,000000,171.9000000,179.7500000,171.5500000,176.2800000,5117020
20110407,000000,177.0000000,178.5200000,174.0700000,174.6100000,1087580
20110408,000000,175.3800000,175.5000000,172.6100000,174.4400000,1447860
20110411,000000,175.0000000,175.9800000,171.4900000,174.0000000,646540
20110412,000000,172.4500000,172.4500000,169.5200000,171.0000000,975710
20110413,000000,170.9900000,172.2700000,167.3600000,169.5200000,464790
20110414,000000,169.7600000,170.5000000,167.5100000,169.5000000,430530
20110415,000000,170.0000000,170.0000000,166.1000000,167.4500000,528380
20110418,000000,168.0000000,168.0300000,157.5000000,158.6900000,1211330
20110419,000000,159.9900000,162.3000000,159.0100000,159.6800000,758310
20110420,000000,160.4500000,162.9900000,160.4100000,161.6000000,394860
20110421,000000,162.4000000,168.6000000,160.7900000,167.7900000,1042190
20110422,000000,168.6000000,171.9400000,168.1800000,169.8500000,1203000
20110425,000000,170.5500000,171.0000000,164.0000000,165.2000000,447890
20110426,000000,164.9100000,171.9000000,162.7000000,171.7000000,915070
20110427,000000,172.0000000,174.2500000,167.3000000,167.3700000,1120570
20110428,000000,168.2000000,171.2800000,163.7000000,165.4800000,664370
20110429,000000,165.9900000,169.2900000,164.0000000,165.8200000,377080
20110503,000000,167.0000000,167.8200000,155.0500000,157.0000000,722920
20110504,000000,158.0000000,164.1000000,153.7200000,155.4600000,1342920
20110505,000000,156.7100000,161.6800000,154.1300000,161.0600000,790220
20110506,000000,160.8700000,167.0000000,157.5300000,165.6900000,1153030
20110510,000000,165.8800000,172.8900000,164.0000000,171.3900000,1522140
20110511,000000,172.0000000,175.0000000,167.4100000,174.3100000,3696460
20110512,000000,174.8000000,177.5000000,169.5700000,177.5000000,2741880
20110513,000000,177.5000000,179.9500000,175.1700000,177.5100000,2223450
20110516,000000,175.5000000,179.4800000,174.0700000,177.9900000,1991580
20110517,000000,176.0000000,176.2100000,163.9000000,165.3900000,3107110
20110518,000000,167.0300000,167.9900000,159.1100000,160.7900000,1836730
20110519,000000,162.0000000,163.9000000,159.1000000,162.5000000,1148740
20110520,000000,162.8700000,164.4900000,162.0200000,163.3500000,1533690
20110523,000000,162.5000000,163.0000000,158.0200000,159.9900000,464560
20110524,000000,160.0100000,163.4000000,159.9900000,162.0000000,646310
20110525,000000,160.4900000,163.0000000,159.8100000,161.8900000,573430
20110526,000000,162.9200000,163.3200000,158.2500000,158.6000000,507320
20110527,000000,158.7000000,160.4900000,156.0000000,157.5200000,1271210
20110530,000000,157.9400000,160.0000000,157.5000000,158.1900000,539210
20110531,000000,158.9000000,162.0000000,157.8300000,160.6000000,1438990
20110601,000000,161.2200000,163.4000000,160.0300000,161.7500000,845220
20110602,000000,160.6300000,161.7400000,158.5600000,160.1000000,258750
20110603,000000,160.1000000,162.9900000,158.9800000,160.0000000,543540
20110606,000000,160.0000000,161.3800000,158.3200000,160.6600000,173310
20110607,000000,160.5000000,162.9200000,160.0300000,161.2000000,513160
20110608,000000,161.3800000,162.2700000,160.0000000,161.4600000,253050
20110609,000000,160.7900000,162.9800000,160.7900000,162.9800000,392880
20110610,000000,163.0000000,163.1300000,161.0000000,161.4600000,273950
20110614,000000,161.7600000,167.7000000,161.0400000,166.5100000,912650
20110615,000000,166.5000000,171.0000000,164.0000000,166.1600000,905100
20110616,000000,165.0100000,179.6900000,165.0100000,173.7200000,3799300
20110617,000000,173.9200000,225.9000000,173.1000000,217.3600000,10518820
20110620,000000,217.3600000,252.0000000,191.5400000,200.2000000,14651600
20110621,000000,200.0000000,207.4000000,191.5500000,192.0000000,3098010
20110622,000000,193.0100000,195.6900000,186.2000000,186.6700000,2190440
20110623,000000,186.0000000,189.6000000,180.8800000,180.8800000,2335430
20110624,000000,183.1400000,183.9900000,180.5500000,182.0000000,983240
20110627,000000,181.1100000,193.5400000,180.6900000,192.0000000,3410620
20110628,000000,193.9500000,194.7000000,189.5100000,190.3300000,1137220
20110629,000000,190.9000000,191.4500000,187.5100000,188.7200000,766760
20110630,000000,189.4900000,195.9800000,188.2000000,188.3900000,1648440
20110701,000000,189.1000000,190.0000000,185.0000000,188.3100000,1501960
20110704,000000,189.4000000,193.5000000,187.6500000,189.0000000,787320
20110705,000000,189.0500000,193.4000000,188.8000000,189.7600000,1055780
20110706,000000,190.4000000,191.7000000,188.2100000,189.6900000,561630
20110707,000000,189.4000000,193.7000000,188.7700000,192.7900000,1009060
20110708,000000,193.7000000,195.9000000,191.1000000,194.4500000,1385640
20110711,000000,194.4000000,203.7700000,193.0000000,200.9800000,3235830
20110712,000000,200.0000000,203.4300000,195.2000000,199.7000000,2253120
20110713,000000,199.3000000,205.9900000,198.0300000,204.4400000,1547900
20110714,000000,204.2600000,208.1500000,201.7700000,202.9800000,1347460
20110715,000000,203.0000000,207.4400000,202.1600000,203.8600000,1149800
20110718,000000,204.0000000,207.8600000,200.0000000,201.6200000,1280050
20110719,000000,201.5100000,205.0000000,196.5000000,198.8000000,1226290
20110720,000000,199.7300000,210.7400000,199.7200000,209.8400000,2162610
20110721,000000,210.5000000,220.0000000,210.1200000,210.9900000,4453050
20110722,000000,211.8200000,216.4900000,210.3000000,212.5000000,1745070
20110725,000000,212.0900000,218.4600000,211.3300000,214.5900000,2031010
20110726,000000,215.7500000,217.4500000,212.8200000,213.0000000,760140
20110727,000000,214.0000000,214.3600000,206.1400000,207.0000000,1589340
20110728,000000,207.0100000,209.5000000,199.8000000,202.1300000,1901260
20110729,000000,201.4800000,209.4900000,201.0300000,203.1100000,2246700
20110801,000000,205.4500000,208.9200000,203.6100000,205.8900000,1046920
20110802,000000,205.4000000,206.3700000,202.6200000,204.3100000,446990
20110803,000000,202.3100000,202.6100000,195.0000000,196.4600000,1546880
20110804,000000,196.6900000,199.9900000,183.0300000,184.0000000,1788300
20110805,000000,178.9900000,182.0300000,160.0100000,177.8000000,3923000
20110808,000000,169.9900000,177.3500000,153.9000000,160.0000000,2199750
20110809,000000,152.0100000,164.4500000,140.0000000,160.5700000,3833990
20110810,000000,165.0000000,166.0000000,149.5000000,151.0000000,5258430
20110811,000000,152.7700000,155.3000000,124.1500000,128.9800000,17592080
20110812,000000,132.1000000,148.8800000,128.0000000,147.0000000,20594370
20110815,000000,148.9000000,163.1200000,148.0000000,162.1000000,18795210
20110816,000000,161.0000000,166.4000000,155.0300000,155.2000000,18535010
20110817,000000,160.0500000,161.0000000,150.4000000,157.9900000,14409730
20110818,000000,155.9900000,156.5000000,145.8000000,150.0800000,8787980
20110819,000000,146.1000000,152.0000000,138.6400000,150.0000000,14906030
20110822,000000,147.7000000,159.8700000,144.7100000,157.6100000,17681480
20110823,000000,160.0000000,163.4000000,154.5000000,159.0100000,9481190
20110824,000000,159.8000000,162.5000000,155.4800000,161.5000000,10666690
20110825,000000,161.7600000,162.7800000,156.4100000,157.1000000,7932470
20110826,000000,157.2900000,160.6000000,157.2900000,158.9000000,6699750
20110829,000000,161.0000000,173.3900000,160.5000000,173.2000000,15025250
20110830,000000,173.9800000,180.3800000,169.4000000,174.9800000,17985340
20110831,000000,175.9700000,191.7900000,175.1500000,188.0000000,84485840
20110901,000000,186.9800000,187.4700000,181.0200000,183.0300000,18472260
20110902,000000,181.0000000,182.8800000,177.2500000,181.9900000,9619340
20110905,000000,179.1000000,187.5000000,178.0000000,179.0000000,11631480
20110906,000000,177.9600000,181.7000000,177.1000000,178.9300000,7553830
20110907,000000,181.3700000,184.6800000,179.5000000,179.8000000,6031410
20110908,000000,181.3000000,182.9700000,178.5100000,178.9000000,5540940
20110909,000000,178.0300000,181.0000000,173.0000000,174.0900000,5618660
20110912,000000,170.2100000,171.7500000,164.2200000,164.6800000,8447930
20110913,000000,166.7700000,168.3300000,160.9000000,162.1500000,6486730
20110914,000000,161.3500000,164.4300000,158.5100000,161.8900000,5653400
20110915,000000,164.0700000,168.3400000,162.5300000,164.9600000,11122520
20110916,000000,165.9700000,168.5000000,161.2500000,165.3500000,6950520
20110919,000000,164.1800000,165.8100000,162.1100000,163.4900000,5755410
20110920,000000,162.8500000,165.4800000,162.8500000,164.8000000,3421180
20110921,000000,164.7200000,165.1100000,163.5000000,163.9000000,2319150
20110922,000000,159.6400000,160.7300000,155.5500000,159.0000000,10387640
20110923,000000,156.5000000,157.9900000,143.2000000,150.2000000,10177210
20110926,000000,147.9900000,153.9000000,145.0300000,150.1900000,6179560
20110927,000000,153.0000000,155.0000000,150.2400000,150.3000000,5453480
20110928,000000,149.0000000,153.0000000,148.0000000,150.7000000,4375850
20110929,000000,149.7000000,154.2000000,149.0000000,151.7000000,7527490
20110930,000000,152.0000000,152.5000000,145.3900000,148.6400000,10105390
20111003,000000,144.3500000,149.4000000,141.7400000,149.0000000,4011520
20111004,000000,147.5800000,149.9500000,136.0000000,137.0100000,10203320
20111005,000000,138.5000000,141.8000000,127.6500000,134.4000000,11193070
20111006,000000,136.4000000,138.7500000,130.2300000,134.6600000,7696410
20111007,000000,137.0100000,148.8700000,135.0000000,144.1000000,16022010
20111010,000000,147.0000000,149.4500000,143.9900000,145.7000000,9858610
20111011,000000,147.1000000,147.2000000,142.9500000,145.0700000,5660230
20111012,000000,145.0800000,151.0000000,144.1100000,149.8900000,7264220
20111013,000000,154.2000000,154.5000000,145.4500000,146.7000000,5612920
20111014,000000,149.4000000,151.4000000,147.1600000,148.0000000,7481260
20111017,000000,149.6100000,149.8900000,141.2000000,143.2300000,8214090
20111018,000000,142.4000000,146.5000000,139.4000000,145.8100000,5211100
20111019,000000,146.5000000,147.7000000,142.5500000,143.7100000,5470680
20111020,000000,142.8500000,143.1000000,139.8000000,142.0000000,4574490
20111021,000000,143.1000000,147.5000000,142.3500000,147.4000000,6191100
20111024,000000,148.1000000,149.4100000,146.0200000,147.3100000,5702850
20111025,000000,148.0500000,157.8000000,145.9500000,152.2100000,16823450
20111026,000000,153.3100000,157.0900000,152.8500000,154.6100000,11100760
20111027,000000,157.0000000,158.5000000,154.6500000,155.1700000,7872330
20111028,000000,157.0000000,159.3600000,155.0000000,157.4800000,7494410
20111031,000000,156.0000000,160.3300000,151.5600000,155.5500000,6268920
20111101,000000,154.9400000,158.8000000,153.8000000,157.4000000,8846240
20111102,000000,157.8700000,159.6600000,156.2500000,157.1000000,7010160
20111103,000000,156.1000000,158.0000000,150.2200000,155.6700000,6411620
20111107,000000,156.0000000,156.8300000,152.0000000,155.1200000,3833700
20111108,000000,155.1200000,156.9300000,152.9000000,153.8000000,3736650
20111109,000000,154.8800000,155.7900000,147.5000000,148.5500000,6221110
20111110,000000,147.0500000,158.4000000,146.0000000,156.9900000,11013260
20111111,000000,158.2100000,159.3600000,153.5000000,156.5800000,6886950
20111114,000000,158.1000000,158.8600000,154.0400000,154.1700000,2916380
20111115,000000,153.5100000,157.7700000,150.7500000,155.9900000,6403900
20111116,000000,154.8000000,156.7500000,153.0000000,155.1200000,3220600
20111117,000000,154.9900000,156.4600000,152.0000000,152.8100000,5080410
20111118,000000,152.5000000,154.9000000,151.9100000,154.6000000,3597270
20111121,000000,153.9700000,153.9700000,152.0200000,152.7500000,6532120
20111122,000000,152.2300000,155.0000000,152.2200000,154.7100000,4847740
20111123,000000,153.5000000,156.0000000,152.8100000,153.3500000,5537330
20111124,000000,153.3900000,155.2000000,152.0500000,154.6000000,4048930
20111125,000000,154.7900000,161.2500000,153.8200000,157.6900000,8976050
20111128,000000,158.6000000,162.0000000,157.5100000,161.6400000,9329260
20111129,000000,161.9800000,163.2500000,157.8200000,159.3800000,4523500
20111130,000000,159.2100000,161.6500000,158.0000000,161.3900000,8472250
20111201,000000,162.4000000,163.2100000,159.2000000,159.6700000,7922890
20111202,000000,160.1000000,160.9900000,157.0000000,159.0000000,5812900
20111205,000000,159.7500000,160.4900000,158.2000000,159.3200000,3716910
20111206,000000,158.6000000,160.1200000,152.0500000,152.5800000,6291730
20111207,000000,153.4600000,154.0700000,148.5700000,151.5900000,5723900
20111208,000000,151.0200000,154.0000000,151.0200000,152.9800000,4954550
20111209,000000,151.0000000,151.7400000,141.6400000,142.8900000,9104340
20111212,000000,145.0500000,147.3300000,141.0100000,142.5100000,4341130
20111213,000000,142.8200000,145.4900000,140.1100000,144.6700000,2675820
20111214,000000,143.8800000,145.9600000,141.1200000,142.4600000,4772740
20111215,000000,141.5500000,143.2400000,136.9200000,141.9600000,8513790
20111216,000000,142.2400000,148.7000000,141.1000000,148.7000000,7510730
20111219,000000,147.7100000,149.8700000,145.1200000,146.0000000,4105440
20111220,000000,146.0000000,146.7500000,142.4300000,146.0000000,3228170
20111221,000000,146.5400000,147.2900000,141.5000000,141.7900000,3017430
20111222,000000,142.5000000,148.0000000,141.2400000,147.9800000,8082840
20111223,000000,148.5000000,155.2900000,145.6600000,151.6700000,14815000
20111226,000000,151.9900000,155.5000000,150.5900000,151.6600000,9860240
20111227,000000,152.5000000,152.5000000,148.6800000,151.5000000,3264300
20111228,000000,151.4700000,152.8900000,147.5500000,149.4900000,2005680
20111229,000000,148.1500000,152.0000000,146.1500000,151.6200000,3816780
20111230,000000,152.5000000,154.9800000,151.1500000,152.2000000,2924640
20120103,000000,153.5000000,155.4300000,151.8500000,153.5000000,3860540
20120104,000000,154.0000000,154.4000000,151.7700000,153.7700000,1974010
20120105,000000,153.4000000,155.1700000,152.6000000,153.3200000,2721080
20120106,000000,153.3000000,154.9700000,152.6200000,154.0100000,1325490
20120109,000000,153.5200000,154.4100000,152.1500000,154.0000000,1441750
20120110,000000,153.9100000,155.7900000,153.2300000,153.5000000,3822790
20120111,000000,153.4000000,154.4800000,149.0000000,150.1200000,3519650
20120112,000000,150.2000000,155.0000000,149.5300000,153.8500000,4764090
20120113,000000,154.1500000,154.9000000,153.0100000,153.8400000,3959390
20120116,000000,153.3400000,153.8300000,151.2300000,152.5000000,2753590
20120117,000000,152.7500000,154.9800000,152.5500000,153.3600000,4258460
20120118,000000,154.1300000,154.4500000,152.0500000,153.6500000,3307490
20120119,000000,153.6500000,155.0000000,151.3700000,152.0800000,3689270
20120120,000000,152.5900000,153.1700000,147.5100000,148.4000000,5893730
20120123,000000,149.0000000,150.4000000,147.8400000,148.7000000,5554370
20120124,000000,148.5200000,150.2000000,146.5500000,147.7000000,5572720
20120125,000000,148.5900000,149.3500000,147.0500000,148.0000000,4257970
20120126,000000,148.9900000,149.9700000,147.8200000,148.5800000,4254520
20120127,000000,148.2100000,150.4000000,147.7300000,148.0000000,2987850
20120130,000000,147.8100000,149.1100000,145.5400000,146.7600000,3645060
20120131,000000,146.6000000,149.0000000,146.1100000,149.0000000,3839860
20120201,000000,148.6100000,154.1000000,147.8400000,152.0000000,8030770
20120202,000000,152.5300000,152.9800000,150.7100000,151.9100000,4035370
20120203,000000,152.0000000,154.7500000,151.5200000,154.6500000,5463300
20120206,000000,154.6500000,154.9900000,152.1500000,153.8000000,4543110
20120207,000000,153.8000000,153.8100000,151.1600000,152.4100000,2078160
20120208,000000,152.6300000,153.7500000,151.9000000,152.6300000,3119130
20120209,000000,152.6400000,153.0900000,149.1200000,149.9900000,3051440
20120210,000000,150.0000000,151.2000000,148.6100000,149.4800000,3354310
20120213,000000,150.2900000,152.0000000,150.0200000,151.5200000,2273820
20120214,000000,151.5200000,153.2400000,150.3000000,150.5100000,1956040
20120215,000000,151.5900000,153.1000000,150.5100000,151.0100000,2895090
20120216,000000,149.8000000,151.8000000,149.7300000,151.8000000,1283090
20120217,000000,152.1900000,152.3800000,149.9500000,150.5200000,2357810
20120220,000000,151.0400000,152.0000000,151.0000000,151.5000000,1278720
20120221,000000,151.7000000,151.8000000,148.7500000,149.5100000,1406240
20120222,000000,149.5500000,151.2000000,146.3300000,146.3600000,2393910
20120224,000000,147.4800000,148.9000000,146.0000000,148.2800000,4736320
20120227,000000,149.0000000,150.0000000,147.1000000,147.3000000,2821790
20120228,000000,147.5900000,148.4500000,144.2000000,144.8500000,2562060
20120229,000000,145.5000000,147.2000000,145.1100000,147.0000000,2995520
20120301,000000,146.9900000,147.0000000,145.3500000,146.8700000,2224890
20120302,000000,147.5100000,148.1000000,146.4800000,147.7000000,2306830
20120305,000000,147.8000000,148.9800000,147.1000000,148.5700000,2284560
20120306,000000,148.2200000,148.3200000,143.7000000,145.0100000,3182280
20120307,000000,145.1000000,145.9900000,142.7200000,143.4000000,3658110
20120311,000000,144.3300000,144.5000000,143.8000000,144.1400000,1670930
20120312,000000,144.4100000,146.1400000,143.7700000,145.5000000,3315290
20120313,000000,145.8800000,146.7000000,145.5000000,145.5800000,2191740
20120314,000000,146.3100000,149.8900000,146.1600000,148.5400000,6049120
20120315,000000,148.7700000,151.6000000,148.0100000,150.0200000,13051290
20120316,000000,151.2400000,151.9900000,148.2700000,151.9700000,7224950
20120319,000000,152.0200000,152.2000000,147.5000000,149.0900000,5844970
20120320,000000,148.8500000,150.2800000,147.3500000,149.2500000,4057110
20120321,000000,149.6400000,150.1000000,148.8300000,149.5300000,2724120
20120322,000000,149.6000000,149.9700000,146.6500000,147.2000000,4108770
20120323,000000,147.6500000,148.7500000,145.5000000,148.4400000,3644740
20120326,000000,148.4400000,149.4400000,147.5400000,147.9900000,2582090
20120327,000000,148.5700000,148.7800000,145.8500000,147.2000000,2042180
20120328,000000,146.9100000,147.4400000,144.5000000,145.8600000,2999260
20120329,000000,144.0000000,145.9000000,141.5000000,143.0800000,3323460
20120330,000000,143.4800000,146.1000000,143.4800000,143.7300000,2943780
20120402,000000,145.0000000,146.6000000,144.5000000,144.7000000,3583130
20120403,000000,145.9500000,147.2700000,145.2500000,146.4000000,3520060
20120404,000000,145.5100000,145.5100000,140.2000000,141.5200000,4888090
20120405,000000,141.9900000,143.1000000,140.4300000,142.3500000,2395640
20120406,000000,142.5000000,143.2900000,140.0200000,140.1500000,1475590
20120409,000000,140.8000000,144.2400000,140.0000000,142.4900000,4480310
20120410,000000,142.3400000,143.0000000,141.0000000,141.2500000,2491220
20120411,000000,141.0100000,142.3300000,140.4100000,141.4500000,2921490
20120412,000000,141.9400000,141.9400000,139.4000000,139.9900000,2111070
20120413,000000,140.5800000,141.0800000,138.1200000,139.0000000,4822560
20120416,000000,138.9500000,139.9800000,137.1000000,137.1000000,2399690
20120417,000000,137.3600000,138.2200000,134.0000000,135.0900000,5001240
20120418,000000,135.5900000,136.9500000,134.2300000,136.2500000,2588000
20120419,000000,136.0000000,139.6400000,136.0000000,137.7000000,4199910
20120420,000000,137.4100000,139.3900000,136.6300000,138.7000000,1837390
20120423,000000,138.6800000,138.8700000,136.0000000,136.0000000,2585390
20120424,000000,136.0000000,137.3900000,135.0000000,135.1300000,2110740
20120425,000000,135.8900000,136.3900000,134.2500000,134.5000000,1862540
20120426,000000,135.3000000,135.4200000,132.7500000,133.4200000,2122720
20120427,000000,133.5200000,135.1100000,132.1700000,134.7100000,5133810
20120428,000000,134.8300000,136.6600000,134.8300000,136.6600000,2449260
20120502,000000,132.7000000,135.1900000,132.5000000,134.3000000,4270010
20120503,000000,134.0400000,135.3000000,132.5000000,132.5000000,1495670
20120504,000000,133.2200000,133.4500000,124.6000000,127.0000000,6573810
20120505,000000,126.2400000,128.3100000,124.5500000,125.5600000,1306200
20120507,000000,124.0000000,125.1700000,119.6800000,124.5400000,2778720
20120508,000000,124.9900000,125.8000000,122.4800000,125.5600000,1632690
20120510,000000,126.0000000,129.9800000,126.0000000,128.9900000,4206420
20120511,000000,128.3400000,129.3700000,126.2500000,128.0000000,1838870
20120512,000000,127.3400000,127.4600000,125.5700000,126.7000000,1404410
20120514,000000,126.0000000,126.5000000,122.7200000,123.7400000,3065930
20120515,000000,124.0400000,125.0000000,122.1400000,124.5600000,5065940
20120516,000000,123.4400000,123.9800000,119.8100000,123.8800000,6457210
20120517,000000,124.5000000,125.0000000,120.2500000,123.9700000,3670430
20120518,000000,121.0000000,126.8000000,119.8200000,121.0000000,7015410
20120521,000000,121.0600000,122.0900000,120.1400000,122.0900000,3651760
20120522,000000,122.2000000,123.0400000,117.5600000,118.2300000,4562560
20120523,000000,117.7500000,117.7500000,113.2500000,114.5000000,4983210
20120524,000000,114.4500000,118.0000000,112.6200000,115.0000000,4170110
20120525,000000,114.5000000,116.5000000,114.1200000,115.8500000,2122730
20120528,000000,116.6500000,117.9900000,113.8500000,113.9100000,2308910
20120529,000000,114.9500000,116.9400000,112.7500000,116.4000000,5082750
20120530,000000,115.5000000,116.5000000,112.5100000,112.5500000,4263650
20120531,000000,112.7400000,113.7000000,105.0000000,105.4400000,14658960
20120601,000000,106.2400000,108.6000000,105.2200000,106.9900000,7224250
20120604,000000,105.4900000,108.6000000,105.2300000,107.8100000,3606650
20120605,000000,108.6400000,108.8600000,106.9700000,107.0000000,2871050
20120606,000000,107.6100000,110.0000000,105.8600000,108.1000000,4045620
20120607,000000,108.7500000,110.1000000,107.0000000,108.8900000,4439530
20120608,000000,107.9900000,110.0000000,106.1800000,109.7100000,4258190
20120609,000000,110.1900000,112.2500000,110.1300000,111.3500000,1970670
20120613,000000,111.3600000,114.0000000,111.0500000,113.8000000,3340740
20120614,000000,113.2700000,114.7000000,111.0000000,111.0600000,3266340
20120615,000000,111.6100000,112.8800000,111.1300000,111.5700000,7082100
20120618,000000,112.9700000,118.0000000,111.8700000,117.3000000,9136480
20120619,000000,117.3000000,118.9400000,115.6000000,116.1000000,5813750
20120620,000000,116.8000000,117.0900000,112.9700000,113.5000000,3362130
20120621,000000,112.9900000,114.8900000,111.5100000,111.6000000,2935240
20120622,000000,110.0600000,111.4800000,108.3300000,110.5000000,3742070
20120625,000000,111.1400000,111.3400000,109.6300000,110.5500000,2574940
20120626,000000,110.5900000,114.2000000,110.5900000,113.5800000,2659300
20120627,000000,113.5800000,115.4200000,112.9100000,114.3000000,5586150
20120628,000000,114.6400000,114.8000000,111.5300000,111.7300000,2797010
20120629,000000,113.0200000,117.3000000,113.0200000,116.5000000,4390680
20120702,000000,116.9700000,117.9400000,114.7300000,116.5000000,2855230
20120703,000000,116.5400000,120.4600000,116.5400000,119.6600000,4713670
20120704,000000,119.3600000,121.3800000,118.4600000,120.2900000,2316390
20120705,000000,120.0000000,121.3900000,117.8700000,118.5800000,3513030
20120706,000000,118.5500000,119.7500000,117.9400000,118.3900000,2234460
20120709,000000,118.5000000,120.6000000,118.0700000,119.5000000,2364250
20120710,000000,119.4300000,120.4100000,118.9600000,119.8800000,2464020
20120711,000000,119.3400000,119.3400000,115.8500000,117.9500000,4250120
20120712,000000,118.3500000,118.4900000,115.2100000,117.8100000,2551910
20120713,000000,118.8000000,122.0000000,117.9100000,119.3700000,4799970
20120716,000000,119.3700000,119.5000000,117.2100000,118.8500000,1526850
20120717,000000,119.4000000,120.0000000,118.6200000,119.5000000,2798510
20120718,000000,119.3500000,119.9000000,118.6500000,119.0500000,1278420
20120719,000000,119.5500000,119.7500000,118.5900000,118.7600000,2438680
20120720,000000,118.5900000,118.9000000,117.0000000,117.1000000,1375540
20120723,000000,116.1100000,117.2400000,111.9000000,112.6400000,3376000
20120724,000000,113.8700000,114.1500000,111.0300000,112.9600000,2520610
20120725,000000,112.4500000,115.3000000,111.5100000,113.9000000,2408160
20120726,000000,114.0000000,114.7000000,112.5000000,113.7000000,2748170
20120727,000000,113.9000000,114.7300000,113.0200000,114.6600000,3754380
20120730,000000,115.0000000,116.5300000,113.7600000,114.1200000,3114120
20120731,000000,114.4400000,114.9700000,110.9800000,111.5000000,4914590
20120801,000000,111.2700000,113.6500000,111.1400000,113.0000000,3360830
20120802,000000,113.0100000,114.7700000,112.0100000,114.1100000,4979470
20120803,000000,114.1100000,116.4500000,114.0000000,115.7900000,5053350
20120806,000000,116.5000000,117.6000000,116.0700000,117.1300000,4462550
20120807,000000,116.7500000,117.5000000,116.0700000,116.9000000,2289840
20120808,000000,116.7100000,117.4000000,115.7800000,117.3000000,2182900
20120809,000000,117.6000000,121.3000000,117.1900000,120.9900000,5502170
20120810,000000,120.4900000,122.5100000,119.1500000,121.3600000,4147930
20120813,000000,121.0000000,125.8000000,120.7900000,124.4500000,6268670
20120814,000000,124.8800000,126.6000000,124.8800000,125.8700000,4977940
20120815,000000,125.0000000,126.2400000,122.7100000,125.3000000,2916810
20120816,000000,125.7500000,126.7200000,124.5300000,126.5000000,2957960
20120817,000000,127.0000000,127.0200000,124.7600000,125.2100000,2583650
20120820,000000,125.4000000,125.7400000,122.0100000,124.4500000,2992570
20120821,000000,124.7200000,125.9000000,124.6100000,125.3800000,3560010
20120822,000000,124.3800000,124.9900000,123.1000000,124.9000000,1516840
20120823,000000,125.4900000,127.3500000,125.2000000,125.8900000,3827620
20120824,000000,124.9100000,126.2200000,124.0200000,126.1100000,1804260
20120827,000000,126.3800000,126.9900000,124.2500000,125.9300000,1095590
20120828,000000,124.6700000,126.2900000,124.6700000,125.2400000,1874550
20120829,000000,125.4800000,126.2000000,124.4100000,125.4700000,1717680
20120830,000000,125.5400000,126.3800000,124.0100000,124.8500000,1628590
20120831,000000,124.8500000,125.8500000,123.3700000,123.4500000,2394170
20120903,000000,123.4400000,125.6900000,122.5700000,125.4500000,1126490
20120904,000000,125.4500000,126.2500000,124.8000000,126.0000000,1644630
20120905,000000,126.0000000,126.5000000,122.1000000,123.1100000,2100190
20120906,000000,123.2900000,125.5500000,123.2900000,125.4000000,1885860
20120907,000000,125.5100000,127.9700000,125.1900000,125.5200000,4960620
20120910,000000,125.5200000,127.1000000,125.3500000,126.9900000,1881000
20120911,000000,126.0200000,129.4800000,125.8600000,128.2900000,3274840
20120912,000000,128.9000000,128.9900000,126.4500000,127.1000000,2643170
20120913,000000,126.8900000,127.3800000,126.0300000,126.4900000,1689660
20120914,000000,129.0000000,131.7000000,127.0000000,131.6900000,6935680
20120917,000000,131.2000000,133.8000000,130.2200000,132.1100000,6343940
20120918,000000,131.7500000,136.1200000,131.5100000,134.4100000,5991790
20120919,000000,135.0100000,136.4000000,132.1600000,135.0100000,5307500
20120920,000000,133.0000000,137.0700000,133.0000000,136.7300000,3494640
20120921,000000,136.7300000,139.9700000,135.2100000,138.8000000,5168330
20120924,000000,138.4800000,139.9300000,137.2200000,139.4000000,2842480
20120925,000000,139.4000000,141.4000000,136.7000000,137.0000000,2813970
20120926,000000,136.5000000,136.8100000,132.2000000,134.0000000,3397300
20120927,000000,134.9400000,135.9900000,131.0100000,132.7400000,2969200
20120928,000000,134.1000000,136.4600000,132.2500000,134.4000000,4415500
20121001,000000,133.2100000,138.8000000,132.6100000,138.7200000,3350870
20121002,000000,138.0500000,138.7000000,136.4000000,137.9000000,1357810
20121003,000000,137.2000000,137.8900000,134.2000000,136.5000000,1569290
20121004,000000,137.1000000,137.2100000,134.1000000,134.2500000,1330470
20121005,000000,135.9500000,138.7000000,135.2000000,135.2000000,2875260
20121008,000000,135.2000000,135.5900000,133.3000000,133.8000000,1423390
20121009,000000,134.5700000,137.8000000,134.0100000,136.6200000,3434440
20121010,000000,136.0600000,136.4400000,134.8000000,135.5000000,2004850
20121011,000000,134.9000000,135.4800000,133.8300000,134.9700000,1683230
20121012,000000,134.7200000,134.8700000,131.1900000,132.8000000,3269110
20121015,000000,132.3000000,134.4300000,131.7500000,132.4800000,1870430
20121016,000000,133.4000000,133.7500000,131.0100000,133.5800000,1816790
20121017,000000,133.8500000,136.5000000,132.2100000,136.1400000,2823030
20121018,000000,136.3000000,137.2000000,134.1900000,135.2000000,2758860
20121019,000000,135.1300000,135.4300000,132.0000000,132.1000000,1803040
20121022,000000,132.1000000,134.6600000,131.3000000,134.2500000,1751470
20121023,000000,133.8400000,134.8400000,130.7000000,130.9600000,1918950
20121024,000000,131.6700000,132.0000000,127.5100000,127.8200000,2365210
20121025,000000,127.8900000,128.3500000,125.5500000,126.2500000,2202780
20121026,000000,125.1400000,126.0000000,123.7500000,124.7000000,1992530
20121029,000000,124.3400000,125.1600000,123.4500000,124.4600000,976370
20121030,000000,124.3700000,124.3700000,122.5000000,122.7800000,1386990
20121031,000000,123.3400000,125.3500000,122.0200000,123.5100000,2866050
20121101,000000,123.1000000,125.5000000,122.0500000,123.6100000,2362530
20121102,000000,123.9600000,124.7900000,122.0300000,122.0300000,2431390
20121106,000000,122.5500000,123.1600000,121.1200000,122.0000000,1920990
20121107,000000,122.4900000,124.6000000,121.4200000,121.6000000,2145440
20121108,000000,120.9300000,121.0000000,116.7000000,117.9900000,3613190
20121109,000000,118.5000000,118.5000000,114.5900000,117.2300000,2819240
20121112,000000,118.4600000,119.9100000,117.1100000,119.2400000,1215960
20121113,000000,118.9100000,119.3500000,116.0000000,119.3500000,2631220
20121114,000000,119.7800000,120.7500000,117.8000000,119.4700000,2190190
20121115,000000,118.8600000,121.3000000,118.6100000,120.9100000,1171790
20121116,000000,120.3500000,121.3500000,119.2000000,121.0500000,1316420
20121119,000000,121.5500000,123.2300000,120.7800000,122.7700000,903320
20121120,000000,123.1100000,123.4000000,117.4300000,120.4800000,6559540
20121121,000000,119.8400000,121.6800000,119.3400000,120.0000000,4918890
20121122,000000,119.7100000,121.1000000,119.5400000,119.7500000,1622290
20121123,000000,119.9600000,121.0000000,119.3600000,120.6200000,1393690
20121126,000000,120.8600000,120.9200000,118.0400000,118.8000000,1574470
20121127,000000,119.3700000,119.9000000,115.4300000,116.0900000,4651620
20121128,000000,116.0900000,116.8700000,110.3000000,110.3900000,13816670
20121129,000000,111.3400000,112.8400000,108.4100000,110.5000000,12117620
20121130,000000,110.3000000,112.3500000,108.0900000,108.9400000,13171210
20121203,000000,108.2000000,109.7000000,106.5000000,109.5400000,6635650
20121204,000000,108.9400000,109.7000000,107.7400000,108.0000000,5353010
20121205,000000,108.4700000,110.4500000,108.4700000,109.1300000,4215690
20121206,000000,109.1500000,113.9900000,109.1500000,112.8000000,7697550
20121207,000000,113.0300000,114.4700000,111.3300000,113.1000000,4249000
20121210,000000,113.5400000,114.0000000,112.8000000,113.8400000,2462180
20121211,000000,113.5300000,116.3700000,113.0000000,116.1500000,4682030
20121212,000000,116.4900000,117.8400000,116.1700000,117.3000000,4639860
20121213,000000,117.3100000,119.0200000,117.3000000,118.2200000,5943750
20121214,000000,118.2200000,118.8000000,117.6300000,118.8000000,2645100
20121217,000000,118.8000000,118.9900000,116.1000000,116.9600000,4967460
20121218,000000,117.5300000,120.1000000,117.2100000,119.0500000,4752630
20121219,000000,119.5000000,121.6000000,119.5000000,119.7500000,3953510
20121220,000000,119.4000000,120.0000000,118.5600000,119.6500000,3317590
20121221,000000,118.9500000,120.4000000,117.3000000,120.0000000,4568750
20121224,000000,119.5000000,120.7000000,118.6100000,119.1900000,1266210
20121225,000000,119.4000000,119.5000000,117.6000000,118.6000000,786370
20121226,000000,118.7100000,119.2500000,117.7700000,119.1800000,1004150
20121227,000000,119.1800000,119.2900000,117.9800000,119.1900000,1656630
20121228,000000,119.1700000,120.5000000,118.9100000,120.4000000,2412970
20130108,000000,122.6000000,125.8000000,122.6000000,125.6000000,3745930
20130109,000000,125.5000000,126.2000000,125.0300000,125.9000000,3127840
20130110,000000,126.4900000,126.4900000,123.6400000,124.0000000,4046850
20130111,000000,124.1800000,124.2500000,122.7100000,123.1700000,2091540
20130114,000000,123.4000000,125.1700000,123.1200000,124.0500000,1707540
20130115,000000,124.0500000,124.2600000,121.6700000,121.6700000,2982800
20130116,000000,121.6000000,122.4900000,120.4900000,120.6700000,3238080
20130117,000000,120.4000000,123.0000000,120.3500000,122.6400000,3843930
20130118,000000,123.2000000,125.2100000,123.0000000,125.0000000,3633700
20130121,000000,125.0900000,125.6600000,124.5600000,125.2000000,1730990
20130122,000000,125.1900000,125.2000000,123.1000000,123.1900000,2502530
20130123,000000,123.4000000,125.3900000,123.2700000,124.4400000,2250820
20130124,000000,124.4400000,124.4700000,122.4800000,123.0000000,2483310
20130125,000000,123.0000000,123.4900000,122.0100000,123.3900000,1802690
20130128,000000,123.5000000,124.5000000,123.2200000,124.1600000,2037210
20130129,000000,124.3100000,125.9000000,123.8100000,124.3000000,3236350
20130130,000000,124.7300000,125.0400000,121.7700000,122.3000000,1876740
20130131,000000,122.1800000,122.9600000,120.7500000,120.9900000,2702870
20130201,000000,121.4700000,123.0000000,120.8000000,122.5600000,2341610
20130204,000000,123.3000000,124.8100000,121.5000000,121.9600000,2472560
20130205,000000,121.3900000,121.7700000,119.5500000,121.5000000,3783060
20130206,000000,122.5000000,123.1100000,120.2000000,120.9500000,2037820
20130207,000000,120.9500000,121.3100000,119.4900000,120.5200000,1774590
20130208,000000,120.5000000,120.8900000,114.2500000,120.3900000,5498340
20130211,000000,120.5000000,121.4000000,119.2300000,119.9000000,1111010
20130212,000000,120.2400000,120.2400000,118.8000000,119.0100000,1267690
20130213,000000,119.2000000,120.8200000,118.0000000,120.7400000,3477300
20130214,000000,120.6900000,121.2600000,118.5100000,119.1200000,2076770
20130215,000000,118.8700000,120.0000000,117.7100000,117.9000000,1555690
20130218,000000,117.8100000,119.8800000,117.5000000,118.9400000,1083970
20130219,000000,118.9400000,120.1000000,118.8800000,119.3100000,1226670
20130220,000000,120.5000000,123.8700000,120.5000000,121.5700000,8890050
20130221,000000,120.8700000,123.2000000,119.5500000,120.1500000,6586490
20130222,000000,120.4100000,120.6500000,119.1700000,119.3500000,3974690
20130225,000000,119.8500000,120.1900000,118.8700000,119.0600000,1123910
20130226,000000,118.1500000,119.9200000,116.8100000,117.4600000,2678820
20130227,000000,117.7100000,118.0000000,115.9500000,117.3700000,1624320
20130228,000000,118.0200000,124.5500000,117.4600000,122.7200000,13702100
20130301,000000,124.1000000,125.5500000,123.3100000,124.7100000,10620180
20130304,000000,124.7500000,126.2500000,123.0600000,123.5800000,4158330
20130305,000000,124.5000000,124.8900000,123.0000000,123.3900000,3921010
20130306,000000,123.9900000,124.0900000,121.6600000,121.7300000,2398370
20130307,000000,121.9800000,122.4000000,120.3500000,121.0000000,2034570
20130311,000000,121.3000000,123.5700000,121.2300000,122.4000000,3271440
20130312,000000,122.4200000,123.4400000,120.9000000,122.0000000,2460200
20130313,000000,121.7500000,121.8700000,119.6100000,119.6100000,2897790
20130314,000000,119.7300000,120.9900000,119.1000000,119.9500000,2618440
20130315,000000,120.2500000,121.5000000,118.1100000,118.3500000,5053440
20130318,000000,116.9700000,118.4000000,114.0000000,115.0100000,4254620
20130319,000000,115.2900000,116.1000000,114.5800000,115.0400000,2305870
20130320,000000,114.0000000,117.5000000,113.4000000,117.3600000,8535590
20130321,000000,120.1400000,122.4500000,119.5000000,121.3500000,9189670
20130322,000000,121.3500000,122.9900000,119.5500000,120.2500000,6561190
20130325,000000,121.0100000,122.7900000,121.0000000,121.0000000,3759980
20130326,000000,121.1300000,121.8800000,120.0600000,120.9900000,2801250
20130327,000000,121.2100000,123.6700000,121.0900000,123.0600000,6029320
20130328,000000,124.0000000,125.5000000,122.0000000,122.5300000,3862500
20130329,000000,122.8300000,123.4100000,121.2600000,122.0500000,1839990
20130401,000000,122.1100000,122.7400000,120.8600000,121.2000000,896410
20130402,000000,121.1100000,121.8600000,119.2300000,120.5900000,2298190
20130403,000000,120.5900000,121.3200000,119.0300000,120.4300000,2832630
20130404,000000,120.1800000,120.1800000,118.5000000,119.4900000,2896470
20130405,000000,119.4900000,119.7400000,117.6700000,118.4000000,2173990
20130408,000000,118.4000000,119.5000000,115.1000000,115.6500000,2600560
20130409,000000,116.3500000,117.0900000,114.5600000,116.9700000,2805020
20130410,000000,117.0000000,117.7900000,115.4000000,116.2000000,1857850
20130411,000000,116.2000000,117.0000000,114.9000000,115.1100000,2355440
20130412,000000,115.0100000,116.4900000,113.9000000,115.8400000,1887830
20130415,000000,114.7300000,117.3500000,112.7700000,113.2000000,3628550
20130416,000000,113.5200000,114.6100000,107.3400000,107.6500000,4491970
20130417,000000,108.0100000,108.4100000,103.5500000,105.5800000,4553010
20130418,000000,104.9000000,106.8800000,104.0400000,104.5600000,1755520
20130419,000000,105.1100000,106.3200000,104.4000000,106.2000000,2559120
20130422,000000,106.3400000,120.0000000,105.5000000,119.0000000,9751840
20130423,000000,114.1100000,114.9800000,110.5000000,111.0000000,6683840
20130424,000000,111.6600000,112.7000000,108.6200000,111.1200000,3818990
20130425,000000,112.0000000,112.0000000,109.8000000,111.7200000,4576480
20130426,000000,111.7700000,118.7700000,109.4800000,118.7700000,9753830
20130429,000000,115.8400000,117.6900000,113.7400000,116.6000000,4622250
20130430,000000,115.2000000,118.8000000,114.1700000,116.6600000,3412750
20130502,000000,114.7700000,116.0000000,112.6400000,113.6000000,1442870
20130503,000000,114.1300000,116.8500000,114.0100000,116.8500000,1659230
20130506,000000,116.8600000,117.3300000,115.5000000,115.5000000,1516090
20130507,000000,115.7000000,117.5000000,115.1300000,117.5000000,3228550
20130508,000000,117.5900000,117.8700000,115.8100000,117.5000000,2286880
20130510,000000,117.5000000,119.7500000,115.2500000,116.1100000,2108690
20130513,000000,116.1200000,116.5400000,114.5800000,114.6000000,3065820
20130514,000000,114.7100000,116.5000000,113.7600000,114.4300000,3225520
20130515,000000,114.8600000,116.3400000,113.1300000,116.3400000,5473650
20130516,000000,115.1100000,116.0000000,112.5500000,112.7200000,3193450
20130517,000000,112.7200000,114.2500000,112.6500000,113.9700000,1539860
20130520,000000,113.9700000,114.9700000,112.5600000,113.9000000,1492200
20130521,000000,114.0700000,114.3000000,111.7000000,112.9900000,3254170
20130522,000000,113.0300000,114.1500000,112.8000000,113.8000000,3201420
20130523,000000,113.2600000,113.2600000,107.7100000,108.7100000,5457530
20130524,000000,109.8200000,110.3000000,103.8300000,106.5000000,4204790
20130527,000000,106.5100000,106.8100000,104.5400000,106.7100000,1275420
20130528,000000,106.7100000,108.3300000,106.0100000,106.9000000,2857950
20130529,000000,107.0300000,107.6100000,103.0000000,103.5200000,4791640
20130530,000000,103.9600000,104.1000000,102.0100000,102.6700000,3195980
20130531,000000,102.7700000,103.8500000,100.3500000,101.0000000,5611350
20130603,000000,100.2700000,100.2700000,97.7700000,98.0200000,5433870
20130604,000000,98.6000000,103.0000000,98.5100000,100.0100000,6064040
20130605,000000,99.5100000,100.6900000,98.0200000,100.1000000,4852780
20130606,000000,99.2700000,99.4200000,96.0400000,97.7900000,4254150
20130607,000000,98.0800000,98.9700000,97.2400000,98.5000000,2369020
20130610,000000,98.6000000,101.3300000,98.1500000,99.1500000,3688550
20130611,000000,98.7600000,99.4800000,93.0600000,95.4000000,5580720
20130613,000000,94.2000000,94.3800000,87.4000000,93.5000000,10309020
