20100111,000000,142.0000000,146.6100000,142.0000000,144.2000000,2327087
20100112,000000,144.0000000,144.7300000,142.0100000,142.7600000,1182257
20100113,000000,142.1000000,145.3000000,141.1500000,144.5000000,1430881
20100114,000000,145.0000000,145.0900000,142.2600000,144.0800000,1299912
20100115,000000,144.0700000,147.1300000,143.7800000,145.2500000,1371648
20100118,000000,144.1900000,146.9500000,143.0100000,145.9900000,877660
20100119,000000,145.4400000,145.8700000,143.0200000,145.0000000,1120141
20100120,000000,144.5000000,146.4200000,143.1400000,144.2200000,1063080
20100121,000000,145.2200000,145.8600000,140.0100000,141.0000000,1210708
20100122,000000,139.9900000,139.9900000,135.5000000,138.9900000,1751429
20100125,000000,137.0000000,142.4000000,137.0000000,141.1100000,1485818
20100126,000000,141.8000000,141.8000000,136.7000000,138.5000000,1402743
20100127,000000,137.1200000,141.4100000,135.9000000,139.5000000,1186494
20100128,000000,140.7000000,143.0000000,139.7800000,142.0100000,1766918
20100129,000000,141.0200000,144.0000000,139.9200000,144.0000000,1353707
20100201,000000,142.2000000,143.2000000,140.2000000,141.8600000,1082618
20100202,000000,143.3200000,144.0000000,141.0900000,142.3500000,1546889
20100203,000000,143.8700000,143.8800000,141.3300000,141.5600000,1575721
20100204,000000,141.5000000,142.2100000,139.3300000,141.2800000,1134645
20100205,000000,139.0000000,139.8500000,136.6800000,137.5000000,2424694
20100208,000000,137.1200000,139.0500000,134.7100000,135.3100000,1353852
20100209,000000,135.6000000,140.8000000,135.6000000,139.5100000,1723042
20100210,000000,140.7700000,141.8000000,138.0200000,139.8300000,1250114
20100211,000000,141.0100000,141.3300000,139.2000000,140.9000000,1137031
20100212,000000,141.4000000,142.3000000,137.5800000,139.8900000,1610799
20100215,000000,139.8500000,140.4800000,138.7100000,139.7000000,596325
20100216,000000,140.5600000,141.7800000,139.7000000,140.8600000,1383798
20100217,000000,141.5100000,142.7900000,139.9000000,140.9500000,1843007
20100218,000000,140.3900000,141.2000000,139.2300000,140.0000000,945707
20100219,000000,139.0000000,142.0000000,138.5000000,141.0000000,1135409
20100224,000000,140.9900000,142.4000000,140.5000000,141.7900000,973724
20100225,000000,141.6300000,142.3300000,136.6900000,136.9000000,1146076
20100226,000000,138.1500000,139.7700000,137.5400000,139.0500000,756771
20100227,000000,139.0500000,141.0000000,138.0000000,140.9800000,379611
20100301,000000,141.5600000,142.1000000,140.5100000,142.0800000,1354696
20100302,000000,142.1700000,143.1700000,141.1500000,141.7800000,1032760
20100303,000000,141.7800000,142.1300000,140.7100000,141.6400000,1018221
20100304,000000,140.9900000,144.9200000,140.6500000,143.7500000,2993408
20100305,000000,144.4700000,148.8000000,143.8600000,147.5100000,2359903
20100309,000000,146.9000000,147.9900000,146.0400000,147.0000000,1457913
20100310,000000,146.6500000,147.4500000,145.0100000,146.6900000,1877284
20100311,000000,146.0100000,147.0000000,143.7000000,143.9500000,1097561
20100312,000000,144.4000000,147.4000000,144.1500000,146.5100000,2311862
20100315,000000,145.6900000,146.5100000,142.1300000,144.2500000,1694799
20100316,000000,144.5100000,145.7500000,143.6500000,145.6900000,1332873
20100317,000000,146.1100000,148.0000000,146.1100000,147.2000000,1484561
20100318,000000,146.5000000,147.4000000,144.8500000,145.1400000,1336497
20100319,000000,145.4400000,145.5100000,141.5600000,143.2100000,1525080
20100322,000000,141.6500000,143.4500000,140.0500000,143.2100000,1019680
20100323,000000,143.9400000,144.2500000,141.1600000,142.0800000,1209746
20100324,000000,142.0500000,144.1800000,141.1100000,141.1100000,1457956
20100325,000000,142.0000000,143.9700000,141.5000000,143.7500000,1174529
20100326,000000,143.0000000,145.4400000,142.5500000,143.9800000,918097
20100329,000000,143.7800000,146.0000000,142.6100000,145.7400000,860044
20100330,000000,146.5000000,147.0000000,143.6100000,145.8200000,1228205
20100331,000000,145.5100000,146.5500000,144.4500000,145.9100000,1349990
20100401,000000,146.0700000,148.0000000,145.6000000,147.6000000,3256179
20100402,000000,147.9800000,148.2000000,145.7100000,145.8200000,922455
20100405,000000,146.4900000,146.9300000,145.7700000,146.5000000,615257
20100406,000000,146.3100000,148.6800000,146.3000000,147.9900000,3265038
20100407,000000,147.9900000,148.3800000,146.2200000,146.8600000,2098068
20100408,000000,146.7700000,146.9800000,144.5200000,146.2000000,1603762
20100409,000000,147.0100000,147.6600000,145.8000000,146.1900000,2033560
20100412,000000,146.0100000,146.7000000,145.1500000,145.8000000,554328
20100413,000000,145.0100000,146.2500000,144.2500000,144.6300000,947177
20100414,000000,145.2000000,147.1900000,144.7000000,147.0000000,2468089
20100415,000000,147.7200000,147.7500000,146.0000000,147.1500000,1484746
20100416,000000,146.7400000,147.3000000,145.2000000,145.5600000,808113
20100419,000000,144.8100000,144.8500000,141.4200000,142.7200000,3313745
20100420,000000,143.1100000,145.2000000,142.8600000,144.4500000,991353
20100421,000000,144.8000000,147.5000000,143.6000000,146.7900000,2240609
20100422,000000,146.3100000,146.8300000,144.0000000,145.6800000,1503252
20100423,000000,145.0400000,147.1500000,144.7700000,146.2400000,1266836
20100426,000000,146.8600000,147.9000000,146.1600000,146.5200000,1041836
20100427,000000,146.2000000,147.2600000,145.0700000,146.3400000,1397745
20100428,000000,144.2900000,145.5000000,142.5700000,144.3900000,1955449
20100429,000000,144.4000000,145.1000000,143.2300000,143.9000000,1005645
20100430,000000,144.3900000,145.2200000,142.1100000,145.0000000,1356346
20100504,000000,145.6100000,147.0000000,142.5800000,142.8400000,1648067
20100505,000000,142.5000000,143.9800000,137.5300000,138.8000000,2715753
20100506,000000,138.5100000,144.9800000,137.2500000,143.0500000,2493749
20100507,000000,138.0000000,142.8400000,135.6500000,137.5300000,2077500
20100511,000000,140.5800000,141.0000000,128.7000000,130.9300000,2454132
20100512,000000,130.0600000,135.4400000,128.5000000,134.5000000,1671437
20100513,000000,134.6500000,136.1900000,130.5100000,132.5500000,1661400
20100514,000000,132.0300000,132.3200000,128.5000000,129.0000000,1160173
20100517,000000,127.0100000,131.5000000,125.8700000,131.5000000,1337960
20100518,000000,131.7000000,133.0000000,130.0000000,132.1000000,1005817
20100519,000000,130.1200000,130.9400000,128.5000000,130.0900000,912969
20100520,000000,130.0900000,131.9800000,120.6600000,122.0000000,1639911
20100521,000000,122.9700000,127.9000000,120.5500000,124.5600000,2152426
20100524,000000,125.7100000,127.8700000,123.5100000,126.4400000,977386
20100525,000000,123.6500000,124.8400000,120.4900000,121.1500000,2347383
20100526,000000,122.9900000,124.3500000,119.6200000,124.0000000,3167201
20100527,000000,123.6000000,131.8500000,122.2500000,131.1500000,3016080
20100528,000000,131.0100000,135.9100000,129.5100000,133.5000000,1955219
20100531,000000,133.8900000,140.2300000,133.0700000,140.2000000,1436060
20100601,000000,138.8100000,138.9800000,133.9900000,136.4400000,2408412
20100602,000000,134.9500000,135.9400000,133.4700000,135.7000000,1563262
20100603,000000,137.2000000,140.0000000,135.6700000,136.3600000,1773608
20100604,000000,136.3600000,139.4700000,133.7500000,134.1000000,1472882
20100607,000000,131.7100000,133.4000000,128.0500000,132.3700000,1122726
20100608,000000,132.1500000,133.9900000,128.0500000,129.0000000,1211584
20100609,000000,129.6500000,134.6000000,128.2800000,134.4600000,1506753
20100610,000000,134.4600000,141.3800000,132.1400000,140.2000000,2518217
20100611,000000,140.0000000,141.7000000,137.8500000,139.9900000,1776857
20100615,000000,140.6200000,143.1400000,140.1000000,143.0000000,1851530
20100616,000000,143.2300000,144.4400000,140.2200000,141.0100000,1817099
20100617,000000,140.8500000,144.1300000,139.3300000,143.8000000,1899382
20100618,000000,143.0100000,145.4700000,141.0000000,145.0000000,1436969
20100621,000000,146.3000000,147.0000000,145.2300000,146.4100000,1640859
20100622,000000,145.2700000,146.2000000,143.3400000,145.2000000,1201253
20100623,000000,144.3200000,146.4000000,143.7700000,144.6700000,1243977
20100624,000000,145.2000000,145.9000000,142.5400000,143.5000000,568757
20100625,000000,143.5000000,145.0000000,142.1800000,142.4000000,799125
20100628,000000,143.1000000,144.3500000,141.0000000,143.7000000,1012498
20100629,000000,142.2200000,142.7800000,138.8100000,139.4000000,929679
20100630,000000,140.1000000,141.2000000,138.3100000,140.0000000,903400
20100701,000000,137.7700000,139.6800000,135.7200000,136.1900000,1432402
20100702,000000,137.1900000,141.4800000,136.5300000,141.3700000,930029
20100705,000000,141.5000000,142.9000000,141.0700000,141.3000000,518916
20100706,000000,142.2000000,145.4600000,141.6900000,144.5700000,920864
20100707,000000,143.3300000,145.5000000,141.3000000,145.1000000,876750
20100708,000000,146.4000000,146.4800000,143.5000000,144.7000000,716319
20100709,000000,145.1000000,146.0000000,143.0000000,143.9300000,883694
20100712,000000,143.4000000,145.4300000,142.1000000,144.4500000,602628
20100713,000000,143.7000000,145.6300000,143.2200000,144.8100000,937321
20100714,000000,144.6100000,146.0000000,144.2800000,145.6000000,988396
20100715,000000,145.4300000,146.1500000,143.8000000,144.3000000,1249154
20100716,000000,144.5500000,145.8500000,143.5000000,145.0000000,744219
20100719,000000,144.3300000,145.7000000,144.2000000,145.5000000,593688
20100720,000000,145.5000000,146.7400000,144.3900000,144.5400000,754359
20100721,000000,145.1100000,146.0000000,144.8500000,145.5800000,1095981
20100722,000000,144.9200000,147.3500000,144.8200000,147.0800000,3361992
20100723,000000,147.0800000,147.7300000,145.7000000,146.0000000,809515
20100726,000000,146.0000000,147.3300000,145.5500000,145.9500000,749648
20100727,000000,146.4100000,147.5000000,145.9100000,146.7000000,746019
20100728,000000,147.1900000,147.4400000,144.5000000,144.5400000,760115
20100729,000000,144.5300000,147.3800000,144.5100000,147.0100000,1504432
20100730,000000,146.4900000,147.9500000,145.6500000,146.9400000,1037240
20100802,000000,148.0000000,148.9200000,146.2000000,147.0000000,1335658
20100803,000000,147.5000000,147.7500000,145.2300000,146.8500000,1251260
20100804,000000,146.9700000,147.5500000,146.2500000,147.0600000,1433847
20100805,000000,146.8600000,147.4500000,145.8000000,146.9400000,507713
20100806,000000,146.8600000,147.3400000,144.3000000,145.0100000,887353
20100809,000000,144.6100000,147.0000000,144.3000000,146.2800000,974027
20100810,000000,145.4400000,146.2300000,143.0100000,144.6600000,1063855
20100811,000000,143.6800000,145.7900000,143.0000000,143.6800000,1075344
20100812,000000,143.1300000,144.4400000,142.4500000,143.4000000,790081
20100813,000000,143.9500000,145.3600000,143.1000000,143.4500000,782720
20100816,000000,144.3500000,144.6800000,142.1400000,144.3200000,883820
20100817,000000,145.2000000,147.0000000,144.4100000,145.8000000,1262159
20100818,000000,146.0100000,146.7300000,144.0600000,146.1500000,732285
20100819,000000,146.1500000,147.2000000,143.8200000,144.4900000,1167659
20100820,000000,144.0000000,144.4300000,141.0300000,143.5300000,858946
20100823,000000,143.3300000,143.9800000,141.7000000,142.5400000,787302
20100824,000000,141.5000000,141.6400000,136.3000000,137.4700000,2051060
20100825,000000,137.3700000,138.3400000,136.1400000,137.8000000,1085485
20100826,000000,138.2400000,139.4000000,137.0000000,138.3600000,1025793
20100827,000000,137.7000000,140.6000000,136.6800000,140.1900000,938246
20100830,000000,141.9800000,142.5000000,140.5200000,141.9900000,394366
20100831,000000,139.5000000,142.6000000,138.5100000,142.0000000,841013
20100901,000000,142.0800000,145.0000000,140.4400000,144.5000000,2104723
20100902,000000,144.2900000,145.8000000,143.3500000,144.6000000,743934
20100903,000000,144.9500000,145.7400000,144.1000000,145.3500000,504588
20100906,000000,145.7700000,146.2500000,144.5000000,145.6700000,511131
20100907,000000,145.4700000,146.2000000,143.3000000,143.6200000,939334
20100908,000000,143.4500000,144.9900000,142.6700000,144.6200000,894926
20100909,000000,145.0000000,145.4500000,143.7300000,144.8100000,1086228
20100910,000000,144.4700000,145.1000000,144.0600000,144.8000000,467430
20100913,000000,145.5600000,146.5000000,144.8500000,146.3900000,1794758
20100914,000000,145.5500000,146.5000000,144.0000000,145.8400000,938611
20100915,000000,146.0000000,147.2500000,145.2200000,147.0000000,1288907
20100916,000000,146.6600000,147.0000000,145.8000000,146.0500000,521922
20100917,000000,147.2000000,147.6100000,145.2600000,145.7500000,1056416
20100920,000000,146.0000000,146.4000000,145.0000000,145.6300000,526460
20100921,000000,145.7200000,146.9800000,145.1500000,146.0300000,720455
20100922,000000,146.1500000,146.1500000,143.7100000,143.8300000,938266
20100923,000000,143.8300000,145.4400000,142.0000000,143.5000000,606348
20100924,000000,142.6500000,146.0800000,142.2000000,145.9700000,1118629
20100927,000000,146.0500000,146.7000000,144.3000000,145.0100000,1370677
20100928,000000,144.5900000,146.5500000,143.5000000,144.8400000,666245
20100929,000000,144.8400000,145.8000000,144.1100000,145.6000000,1030967
20100930,000000,145.4400000,146.8000000,145.0100000,146.5600000,1471668
20101001,000000,146.2100000,149.4700000,145.5200000,149.3900000,2900398
20101004,000000,149.8700000,152.2000000,149.0200000,152.0600000,2866577
20101005,000000,152.0000000,152.8000000,149.6900000,151.0000000,2052620
20101006,000000,152.0200000,152.7400000,149.1500000,150.7200000,1869031
20101007,000000,150.7900000,151.4900000,148.5000000,150.5000000,1070462
20101008,000000,149.9800000,150.5000000,148.2500000,150.0000000,797622
20101011,000000,150.5000000,151.3700000,149.5000000,150.8900000,825525
20101012,000000,149.7600000,151.2300000,148.5600000,150.2000000,677082
20101013,000000,151.4900000,151.9400000,150.3600000,151.4500000,1739179
20101014,000000,151.9500000,152.2000000,149.3500000,150.7500000,1322232
20101015,000000,150.9400000,150.9400000,149.3600000,150.3000000,632277
20101018,000000,149.5500000,150.9600000,148.1200000,149.7800000,674559
20101019,000000,149.7400000,150.4400000,148.5200000,149.5900000,886020
20101020,000000,148.7100000,149.9500000,146.9700000,148.0500000,1016801
20101021,000000,148.1800000,151.5000000,144.0000000,148.0000000,2281550
20101022,000000,147.7000000,150.4700000,147.5500000,149.5000000,1152090
20101025,000000,150.9700000,150.9700000,149.0200000,150.0000000,481738
20101026,000000,150.4900000,151.0000000,148.0300000,148.6000000,593689
20101027,000000,148.7000000,149.4000000,145.5200000,146.0000000,667386
20101028,000000,145.0000000,147.4200000,145.0000000,145.8900000,629306
20101029,000000,145.6700000,148.1200000,145.1000000,148.1000000,700590
20101101,000000,148.0500000,150.3000000,147.4000000,148.4100000,850594
20101102,000000,148.4100000,149.5000000,148.0500000,148.4800000,446253
20101103,000000,148.5100000,149.7000000,147.5700000,148.4300000,340303
20101108,000000,151.5600000,152.8000000,150.5500000,151.8800000,1890041
20101109,000000,151.4000000,153.5300000,150.9000000,152.9000000,2001204
20101110,000000,152.0200000,152.8600000,149.5800000,152.0100000,983772
20101111,000000,151.7200000,153.1000000,149.2100000,149.4000000,767097
20101112,000000,148.8500000,150.5000000,147.5500000,149.8000000,750796
20101113,000000,149.0300000,149.8100000,146.0500000,147.3400000,466902
20101115,000000,147.3400000,150.7000000,147.0100000,149.4300000,864472
20101116,000000,148.3500000,148.9600000,146.8500000,148.0000000,883246
20101117,000000,147.5800000,149.5000000,146.1100000,148.9300000,834980
20101118,000000,149.4600000,152.0000000,148.2000000,151.5800000,1108292
20101119,000000,151.6800000,151.6800000,149.2100000,150.5000000,663677
20101122,000000,151.3000000,151.5000000,150.0100000,150.8700000,727570
20101123,000000,150.0800000,150.8800000,148.7600000,150.5000000,1546216
20101124,000000,150.1500000,151.1300000,148.4600000,149.5000000,1295480
20101125,000000,149.8500000,150.0000000,148.5400000,149.1900000,531999
20101126,000000,149.1900000,150.0800000,148.4800000,149.8000000,480918
20101129,000000,149.7900000,150.1200000,147.8000000,148.6200000,489648
20101130,000000,149.3100000,149.5000000,147.1000000,148.4700000,1096544
20101201,000000,148.1900000,149.2000000,147.5200000,148.6800000,1279428
20101202,000000,149.4400000,150.0100000,147.9000000,150.0000000,1275150
20101203,000000,149.9700000,150.7700000,148.7800000,150.0000000,1465162
20101206,000000,150.5100000,154.0000000,150.0000000,154.0000000,1228222
20101207,000000,154.9900000,155.0000000,151.8500000,153.1000000,1537475
20101208,000000,152.5500000,153.9300000,148.5000000,149.6600000,1323885
20101209,000000,150.0500000,150.3500000,148.1800000,148.9200000,2029763
20101210,000000,149.0900000,149.4400000,147.5300000,148.4300000,977653
20101213,000000,148.4900000,149.6400000,147.2000000,147.5900000,1795922
20101214,000000,147.5800000,147.8700000,145.5100000,147.8000000,1769888
20101215,000000,147.1300000,148.9500000,145.6100000,148.8500000,1796944
20101216,000000,147.9800000,148.8700000,146.8900000,147.7200000,446496
20101217,000000,147.8000000,150.1000000,147.5500000,150.0000000,2028911
20101220,000000,149.8800000,150.1800000,148.0500000,149.7400000,863635
20101221,000000,149.8200000,150.5500000,148.7000000,149.2800000,646202
20101222,000000,149.6400000,149.6400000,148.1600000,149.0000000,927329
20101223,000000,149.0100000,149.7500000,148.2000000,149.7000000,786078
20101224,000000,149.6000000,149.6000000,147.6500000,148.2200000,665544
20101227,000000,147.9200000,147.9900000,146.8100000,147.0500000,330250
20101228,000000,147.2000000,148.0000000,146.4700000,146.8600000,825145
20101229,000000,146.8600000,148.6500000,146.3000000,148.2000000,498960
20101230,000000,148.2800000,148.7000000,144.0000000,148.7000000,628644
20110111,000000,148.4000000,155.9400000,148.2900000,155.8900000,5202154
20110112,000000,156.0000000,159.1300000,154.5300000,157.6000000,3497419
20110113,000000,158.2300000,158.4300000,154.9800000,155.8000000,1721162
20110114,000000,155.2200000,157.3500000,154.0300000,157.0000000,1218788
20110117,000000,156.9900000,161.2500000,156.3800000,160.8400000,1933981
20110118,000000,160.9500000,161.7600000,158.2000000,159.8000000,1846813
20110119,000000,160.4400000,162.6200000,159.6500000,162.0000000,1976031
20110120,000000,160.9600000,161.6200000,159.2200000,161.2100000,1089831
20110121,000000,161.1200000,166.9700000,161.1100000,165.7000000,2197392
20110124,000000,165.9900000,166.2700000,163.0000000,165.1000000,1050936
20110125,000000,165.1100000,166.3700000,160.0000000,161.0600000,1430521
20110126,000000,161.8000000,163.6700000,160.5200000,161.0000000,1123420
20110127,000000,162.0000000,163.9700000,161.1200000,163.3900000,1257877
20110128,000000,162.5800000,163.4900000,161.2300000,163.4000000,940047
20110131,000000,162.7000000,162.7000000,158.4500000,161.8900000,1286426
20110201,000000,162.5000000,166.1000000,161.2300000,165.9500000,1042643
20110202,000000,166.2000000,172.7000000,166.1600000,170.0000000,2430034
20110203,000000,170.2100000,171.9600000,167.3000000,168.5900000,1732427
20110204,000000,169.0000000,174.0000000,169.0000000,173.5600000,1981683
20110207,000000,173.3800000,175.7500000,172.3900000,175.4000000,1319790
20110208,000000,175.4500000,175.5100000,167.1600000,168.4800000,1436719
20110209,000000,168.9500000,171.5000000,166.8900000,167.4600000,870235
20110210,000000,166.8600000,168.6700000,159.8700000,160.2000000,1744123
20110211,000000,161.8800000,165.0000000,161.0400000,163.4300000,706898
20110214,000000,164.9800000,173.5100000,162.5000000,167.9200000,979153
20110215,000000,166.8200000,168.6000000,163.0900000,163.4200000,966702
20110216,000000,163.4200000,166.4400000,162.5100000,165.4100000,731405
20110217,000000,166.0900000,166.7900000,163.8000000,165.7300000,806560
20110218,000000,165.5800000,168.5000000,164.7500000,166.4500000,1265834
20110221,000000,166.4300000,168.7500000,166.2500000,168.7500000,1054462
20110222,000000,168.6200000,173.0000000,166.5200000,173.0000000,1763686
20110224,000000,174.1400000,175.4400000,172.0200000,173.5100000,2346978
20110225,000000,174.2600000,174.9900000,170.0800000,172.2500000,1241314
20110228,000000,172.3800000,174.7800000,171.5600000,173.9900000,2087093
20110301,000000,175.2400000,175.8000000,171.3800000,172.5200000,1029830
20110302,000000,172.0000000,174.9800000,170.6000000,174.4000000,1471200
20110303,000000,174.3500000,178.2500000,174.3500000,175.6000000,2032180
20110304,000000,176.2900000,176.9000000,174.5000000,176.2400000,811100
20110305,000000,175.3000000,178.4500000,175.3000000,177.8700000,410190
20110309,000000,177.8700000,188.2900000,177.0600000,183.9000000,3222010
20110310,000000,184.0000000,184.0000000,177.9900000,180.6600000,2168170
20110311,000000,178.0000000,182.4000000,177.2100000,178.2800000,1545900
20110314,000000,176.7600000,182.4000000,175.5100000,181.6400000,1218300
20110315,000000,179.4600000,181.8100000,176.7500000,179.2400000,2327140
20110316,000000,179.8800000,180.9900000,176.3100000,177.5400000,1393250
20110317,000000,178.5100000,180.4000000,176.3900000,177.6000000,1438120
20110318,000000,179.0000000,179.2800000,172.5700000,173.7200000,1795370
20110321,000000,175.3400000,175.3400000,171.8700000,173.2300000,1314520
20110322,000000,173.2400000,173.5900000,170.8600000,172.8000000,1015880
20110323,000000,172.4600000,182.0000000,171.0700000,182.0000000,1903910
20110324,000000,182.0000000,183.9900000,180.0200000,182.7000000,1450000
20110325,000000,183.4000000,183.8700000,181.3300000,182.7700000,752350
20110328,000000,182.3500000,183.1800000,181.6300000,182.2100000,317330
20110329,000000,181.8800000,182.8900000,178.5400000,179.9600000,767310
20110330,000000,180.9100000,183.9600000,180.8100000,183.0000000,900170
20110331,000000,183.0200000,184.9700000,181.2000000,183.0700000,941610
20110401,000000,182.4900000,188.0000000,181.4000000,187.3700000,1979860
20110404,000000,187.4100000,192.3700000,186.6700000,191.2000000,2051310
20110405,000000,190.9300000,192.2800000,188.9100000,191.8800000,799410
20110406,000000,192.0000000,197.0000000,188.5200000,194.8600000,1926990
20110407,000000,194.7000000,195.0000000,191.0100000,194.9900000,1438970
20110408,000000,195.2100000,196.5600000,192.3000000,194.5300000,1200710
20110411,000000,194.8300000,194.9900000,190.4700000,192.7000000,837590
20110412,000000,190.3000000,190.3000000,185.4900000,187.1600000,1305170
20110413,000000,187.5000000,188.4600000,184.5000000,185.3900000,1464780
20110414,000000,185.9900000,186.0000000,179.2200000,180.6800000,1238150
20110415,000000,180.1600000,180.9800000,177.8100000,178.9000000,1460420
20110418,000000,178.8700000,179.4900000,171.4000000,172.9500000,1272140
20110419,000000,174.0200000,183.5500000,173.1000000,183.5500000,1518140
20110420,000000,183.8800000,187.5500000,182.3300000,187.5500000,1792380
20110421,000000,187.7800000,188.3400000,184.0500000,184.4900000,1577880
20110422,000000,185.7300000,188.9000000,184.3700000,188.6000000,607000
20110425,000000,188.5700000,192.1600000,183.2000000,184.4600000,1722500
20110426,000000,183.7100000,185.2500000,180.5000000,183.8600000,1433140
20110427,000000,184.4900000,184.7600000,176.7000000,179.7600000,976400
20110428,000000,181.5600000,181.9800000,176.0000000,180.1600000,717110
20110429,000000,179.0700000,179.1600000,175.9000000,178.9500000,670900
20110503,000000,177.2800000,182.0000000,172.6600000,172.7000000,1049770
20110504,000000,172.0100000,173.9200000,169.0000000,171.2100000,2613550
20110505,000000,172.8900000,173.0600000,165.3600000,168.9200000,1467360
20110506,000000,165.0000000,178.5700000,164.9000000,174.2200000,3400960
20110510,000000,171.5000000,171.9900000,165.5000000,166.2000000,1796390
20110511,000000,167.3000000,168.4800000,164.3000000,165.6600000,1595110
20110512,000000,164.7000000,165.8700000,156.0500000,158.9000000,4274380
20110513,000000,159.0200000,160.1900000,155.7500000,158.0000000,2104220
20110516,000000,155.8400000,157.7200000,154.2700000,156.6900000,2102530
20110517,000000,156.6100000,158.3900000,153.2100000,154.5000000,1790070
20110518,000000,156.3900000,158.9200000,155.2000000,157.1400000,2522710
20110519,000000,157.3800000,160.6000000,155.9000000,157.0700000,1543170
20110520,000000,157.5000000,158.7400000,153.4000000,154.7900000,2196090
20110523,000000,153.2200000,154.4200000,151.7800000,152.5400000,1269840
20110524,000000,153.0000000,156.3600000,152.5700000,155.9900000,1628880
20110525,000000,154.5000000,159.6000000,154.1000000,158.7000000,2288180
20110526,000000,159.5000000,161.3900000,156.7700000,160.8000000,1381450
20110527,000000,160.7900000,162.9200000,159.1100000,159.8800000,2038680
20110530,000000,160.2000000,160.5900000,158.5000000,158.9900000,410630
20110531,000000,160.5800000,162.5500000,159.7000000,161.9400000,1903060
20110601,000000,161.9000000,164.4400000,158.0400000,160.1300000,2347490
20110602,000000,158.8600000,161.3100000,157.0600000,159.7300000,1453810
20110603,000000,159.6400000,163.3300000,157.1000000,159.9000000,1960990
20110606,000000,159.4100000,160.4000000,155.4400000,156.4800000,1347790
20110607,000000,156.2800000,160.2200000,155.5100000,160.1000000,1002360
20110608,000000,160.0900000,162.1500000,158.4200000,160.7600000,1273180
20110609,000000,161.8300000,165.6900000,159.3100000,164.9900000,1971790
20110610,000000,164.0500000,168.0000000,163.2000000,167.5000000,2423650
20110614,000000,167.0000000,169.3200000,166.3400000,168.5300000,2427120
20110615,000000,168.5100000,172.9800000,167.3400000,170.8400000,3817850
20110616,000000,168.8900000,173.0100000,167.9500000,173.0000000,919340
20110617,000000,171.4900000,172.4600000,164.9000000,165.1200000,1614580
20110620,000000,164.4600000,166.3000000,162.4900000,165.0300000,628750
20110621,000000,165.2800000,170.6400000,165.2200000,170.0400000,1200360
20110622,000000,170.2500000,170.9700000,167.0200000,168.3900000,1187640
20110623,000000,166.7900000,169.2400000,164.8000000,165.2500000,1643290
20110624,000000,166.4700000,173.0100000,164.9000000,171.7900000,3047360
20110627,000000,170.3000000,174.0000000,167.8700000,169.0600000,1470620
20110628,000000,169.7000000,175.1700000,169.5500000,175.0000000,1726650
20110629,000000,175.5000000,179.0000000,175.1500000,177.2500000,1483960
20110630,000000,178.5000000,180.0800000,175.8000000,179.3900000,1607020
20110701,000000,179.7400000,199.5600000,176.5000000,185.0000000,5476850
20110704,000000,184.5000000,188.9200000,183.2300000,186.3900000,2664800
20110705,000000,186.0000000,191.7700000,184.5000000,189.6000000,2475000
20110706,000000,190.0000000,193.5000000,183.2300000,185.0400000,1746550
20110707,000000,187.0000000,189.9800000,185.3800000,188.1500000,2548070
20110708,000000,188.6200000,192.7500000,186.8300000,192.0000000,2880740
20110711,000000,190.5900000,191.9800000,185.5800000,189.0000000,2109550
20110712,000000,187.0000000,187.8000000,184.6100000,186.9000000,1262470
20110713,000000,187.2800000,191.9000000,185.0400000,191.8900000,1217290
20110714,000000,189.6300000,192.2000000,187.0200000,189.1500000,1508870
20110715,000000,188.0000000,189.2800000,186.5900000,188.0700000,736470
20110718,000000,187.8300000,188.7200000,184.1100000,185.8800000,918580
20110719,000000,185.7800000,186.8600000,183.6000000,185.2000000,1133100
20110720,000000,185.4800000,189.4800000,185.0300000,189.2100000,1562510
20110721,000000,189.3000000,191.0000000,185.7700000,191.0000000,1136570
20110722,000000,191.5000000,193.2000000,190.1200000,192.5400000,1539980
20110725,000000,190.5200000,194.3800000,190.0700000,194.3800000,1037070
20110726,000000,194.3600000,195.5000000,192.0000000,193.6700000,1021040
20110727,000000,193.3900000,194.0000000,188.8100000,189.6000000,991370
20110728,000000,188.7000000,191.5000000,188.0800000,191.5000000,935340
20110729,000000,190.4900000,190.5500000,182.2000000,184.2000000,1657880
20110801,000000,187.0000000,189.6100000,185.4000000,185.5000000,2026880
20110802,000000,185.4800000,185.5000000,179.7100000,180.5000000,2177320
20110803,000000,178.8700000,178.9200000,171.0200000,171.9300000,1952230
20110804,000000,173.4300000,173.7000000,169.0000000,169.9400000,1918160
20110805,000000,164.9000000,173.5000000,164.7500000,169.7800000,2557680
20110808,000000,166.4700000,168.7900000,160.2000000,160.2200000,2762310
20110809,000000,158.3900000,161.8700000,149.0000000,157.0500000,4305450
20110810,000000,160.0000000,161.6100000,150.0000000,150.9200000,3356530
20110811,000000,150.9900000,156.8400000,142.9900000,155.0000000,3726050
20110812,000000,156.5600000,161.8000000,154.0700000,156.7000000,2469030
20110815,000000,158.5000000,166.0000000,158.5000000,163.5500000,1884920
20110816,000000,162.9500000,163.3000000,154.7000000,159.0000000,2363070
20110817,000000,159.1600000,165.6100000,157.0500000,164.2000000,1739250
20110818,000000,162.3000000,163.6900000,154.7000000,155.4200000,2408820
20110819,000000,152.2900000,156.2400000,147.5100000,154.0000000,2896490
20110822,000000,151.9700000,156.7900000,149.5500000,153.3500000,1022110
20110823,000000,154.4000000,157.9200000,149.7200000,154.5100000,1870380
20110824,000000,154.9500000,156.0000000,151.8000000,154.6300000,1653820
20110825,000000,154.4500000,157.8500000,148.1500000,149.6800000,2479170
20110826,000000,150.2200000,151.4800000,143.7400000,146.9200000,2625730
20110829,000000,148.4600000,153.6000000,148.1700000,152.3600000,1501650
20110830,000000,153.0000000,153.4600000,150.0000000,152.4900000,1676630
20110831,000000,153.5000000,161.6700000,152.6500000,157.5000000,3734160
20110901,000000,157.9600000,162.4000000,157.3000000,161.0600000,2760070
20110902,000000,159.4500000,160.8000000,157.5000000,157.9900000,1742780
20110905,000000,155.3200000,156.4700000,154.1000000,155.1800000,1418240
20110906,000000,154.0000000,158.6700000,154.0000000,156.0000000,1422660
20110907,000000,157.6000000,164.5100000,157.6000000,162.7000000,2104430
20110908,000000,163.3000000,163.8000000,159.5000000,161.5000000,1336170
20110909,000000,160.0000000,160.9000000,156.7000000,157.4300000,1776580
20110912,000000,155.0000000,155.0000000,150.1500000,150.8000000,2129000
20110913,000000,152.3300000,155.3300000,148.4400000,150.5400000,2183940
20110914,000000,150.0000000,155.0000000,149.6200000,152.7000000,1910070
20110915,000000,154.5000000,162.4800000,154.5000000,156.8600000,4803470
20110916,000000,158.5000000,159.7200000,155.0500000,157.3100000,1409860
20110919,000000,156.0900000,156.5700000,149.9100000,150.5000000,2088120
20110920,000000,150.3800000,155.0000000,150.3600000,154.6500000,2281290
20110921,000000,153.7600000,155.6500000,151.6000000,152.0400000,953330
20110922,000000,148.8700000,149.0000000,137.3600000,139.3000000,4785330
20110923,000000,137.2100000,139.9500000,122.5000000,127.0000000,4337900
20110926,000000,125.2100000,130.3800000,120.2000000,129.9500000,4155870
20110927,000000,132.2500000,136.9900000,130.8500000,133.3900000,2031220
20110928,000000,132.0000000,135.7000000,129.0000000,129.9200000,2113460
20110929,000000,128.0000000,136.6000000,127.0200000,135.1400000,3051880
20110930,000000,135.2000000,136.0100000,130.2000000,135.4900000,3317920
20111003,000000,132.0000000,135.4400000,127.1000000,132.5000000,2071190
20111004,000000,131.0100000,134.0000000,126.0400000,128.1200000,3376940
20111005,000000,130.5000000,132.8800000,122.1600000,124.7900000,2953870
20111006,000000,127.9600000,131.4400000,127.0000000,129.5800000,3050420
20111007,000000,131.5800000,135.4400000,130.5200000,132.0700000,2564490
20111010,000000,133.0700000,137.9600000,131.6500000,137.8800000,1450270
20111011,000000,139.0000000,139.0000000,132.0100000,133.9500000,1777730
20111012,000000,133.9900000,138.9000000,133.0700000,138.0000000,2096640
20111013,000000,137.5000000,139.2000000,136.0000000,137.7800000,2663670
20111014,000000,137.9400000,141.3200000,137.5000000,138.5900000,1868520
20111017,000000,139.9900000,140.4100000,134.4500000,135.9600000,3695850
20111018,000000,135.4300000,145.0900000,133.9900000,144.2600000,3199460
20111019,000000,145.4100000,145.6400000,138.7000000,141.5000000,2926600
20111020,000000,138.2900000,141.2200000,135.0000000,141.2200000,2425480
20111021,000000,141.0000000,145.0600000,138.5200000,144.9200000,1674080
20111024,000000,145.5300000,147.9800000,142.9900000,147.9000000,1799210
20111025,000000,147.9000000,151.5100000,146.1800000,149.2800000,2251060
20111026,000000,148.2200000,155.0000000,147.2800000,153.2400000,2142870
20111027,000000,155.5000000,158.0000000,151.0500000,152.0300000,2897190
20111028,000000,152.5100000,154.8300000,149.7700000,153.9400000,2436130
20111031,000000,152.3000000,153.4500000,148.6100000,151.3500000,2166680
20111101,000000,149.9200000,151.4200000,147.4000000,149.3600000,2827640
20111102,000000,149.2000000,155.9900000,149.2000000,153.9900000,2438020
20111103,000000,151.6800000,155.4400000,148.6500000,154.3000000,1745090
20111107,000000,154.7700000,158.1500000,154.0000000,157.8200000,1287730
20111108,000000,158.0300000,159.6700000,156.5300000,158.0700000,872790
20111109,000000,159.0700000,160.8000000,152.8700000,154.6800000,2266290
20111110,000000,152.6800000,161.7800000,151.3000000,160.9900000,2554560
20111111,000000,161.1600000,166.7100000,158.5300000,165.8700000,2191670
20111114,000000,167.2800000,169.9900000,164.2300000,164.5500000,2037300
20111115,000000,163.8700000,167.3100000,157.0300000,160.0300000,3344780
20111116,000000,159.5000000,163.4300000,157.3100000,160.1400000,1452120
20111117,000000,160.5100000,162.6800000,154.0900000,157.0500000,2429490
20111118,000000,155.4200000,156.9000000,153.1000000,154.1400000,1027490
20111121,000000,153.2500000,153.9700000,143.5000000,143.7000000,2571430
20111122,000000,143.5000000,148.4000000,142.8600000,148.2600000,1878110
20111123,000000,146.3200000,151.6500000,145.0100000,146.6700000,2225330
20111124,000000,145.9700000,149.4000000,143.7000000,144.2000000,2855170
20111125,000000,143.6900000,148.2000000,139.4500000,147.7900000,1726360
20111128,000000,149.1500000,159.5000000,148.3700000,158.1300000,3236750
20111129,000000,159.1600000,162.2900000,157.0400000,157.7000000,1968520
20111130,000000,157.2700000,167.5000000,155.7300000,164.1800000,3965270
20111201,000000,166.9300000,169.5000000,164.5100000,166.2500000,1848900
20111202,000000,166.6100000,168.9800000,163.8600000,165.6700000,1457890
20111205,000000,166.0000000,169.8700000,161.5400000,168.8500000,1383350
20111206,000000,167.8100000,169.8900000,163.5200000,164.0200000,3952920
20111207,000000,164.5000000,167.0000000,160.5100000,161.0000000,3314400
20111208,000000,160.8700000,165.6500000,159.4900000,161.0700000,1869740
20111209,000000,158.8700000,159.7800000,153.5000000,153.5000000,2884950
20111212,000000,155.0000000,159.7500000,145.2200000,146.1100000,2548000
20111213,000000,145.1200000,152.1500000,143.1700000,152.1500000,2513930
20111214,000000,151.2300000,158.6600000,148.6500000,153.6100000,2889610
20111215,000000,152.2300000,155.4200000,147.7100000,152.0000000,4625770
20111216,000000,151.8200000,153.8900000,146.1100000,146.5100000,2091620
20111219,000000,146.5100000,150.8200000,144.1000000,149.7300000,1472390
20111220,000000,149.9100000,154.3000000,148.0500000,154.2200000,1783280
20111221,000000,155.0300000,156.2000000,148.8200000,149.4000000,2220410
20111222,000000,150.5100000,152.8400000,147.5000000,151.6900000,1571150
20111223,000000,152.7700000,154.3000000,150.6000000,150.8600000,889070
20111226,000000,151.5100000,154.0000000,151.5100000,153.6300000,638210
20111227,000000,153.8000000,155.5000000,152.6100000,155.0000000,1099410
20111228,000000,154.5000000,157.0000000,154.3500000,156.3900000,1217260
20111229,000000,155.2000000,156.9900000,151.5300000,154.0000000,1122160
20111230,000000,154.5100000,158.5300000,152.7900000,158.4000000,1370620
20120103,000000,159.0200000,172.7700000,159.0200000,172.0100000,1950230
20120104,000000,171.7100000,173.2400000,169.3300000,173.2400000,2186200
20120105,000000,173.6500000,175.0000000,168.2000000,168.9100000,1710750
20120106,000000,170.0000000,171.7200000,168.0300000,170.0000000,815120
20120109,000000,170.0500000,173.0100000,169.0900000,172.2000000,814030
20120110,000000,171.3400000,174.6000000,171.3400000,174.0000000,1765350
20120111,000000,172.6900000,173.9000000,169.9000000,169.9000000,1459190
20120112,000000,170.4900000,171.3900000,167.5000000,168.6100000,1490680
20120113,000000,168.0400000,169.6900000,167.1700000,167.5000000,977400
20120116,000000,166.9600000,168.5600000,164.1700000,168.0000000,1251780
20120117,000000,169.9000000,172.4900000,168.2500000,169.5000000,2362770
20120118,000000,170.1400000,171.8200000,168.0500000,171.8200000,1654720
20120119,000000,172.3400000,174.7000000,171.1000000,174.5700000,2486680
20120120,000000,174.9800000,177.5000000,173.0000000,176.9700000,3321490
20120123,000000,176.1500000,177.6900000,174.3000000,177.6900000,1746910
20120124,000000,176.5600000,178.1200000,173.3100000,175.0000000,1875960
20120125,000000,175.8000000,177.2600000,171.5100000,173.6000000,2561520
20120126,000000,177.1000000,188.9800000,174.1600000,176.2400000,1862500
20120127,000000,174.5500000,177.9000000,173.0000000,173.5300000,1931240
20120130,000000,173.2500000,173.4900000,169.8200000,170.2400000,2112030
20120131,000000,171.6000000,177.5500000,171.6000000,177.5500000,1809770
20120201,000000,176.7700000,178.0000000,175.6600000,177.5000000,1497320
20120202,000000,178.0000000,178.9400000,175.8500000,178.4200000,1743170
20120203,000000,178.4800000,179.8900000,177.2000000,179.8400000,1362470
20120206,000000,179.4900000,181.6400000,178.5300000,179.0600000,1649930
20120207,000000,179.5900000,181.6000000,177.0200000,177.9700000,1559980
20120208,000000,178.5200000,180.2000000,176.6500000,177.2400000,1729120
20120209,000000,177.5000000,178.5200000,174.3500000,176.2700000,2613150
20120210,000000,174.9400000,178.2300000,170.5100000,173.9000000,1907870
20120213,000000,174.0800000,176.5900000,172.0000000,174.9400000,1811880
20120214,000000,174.2000000,177.8800000,173.5400000,176.5000000,1232800
20120215,000000,177.5200000,180.3400000,177.2600000,179.9300000,1783850
20120216,000000,178.5400000,180.9000000,177.1900000,180.9000000,1218010
20120217,000000,181.3700000,183.7700000,180.9000000,183.4900000,2273550
20120220,000000,183.9900000,188.0000000,183.1800000,187.9800000,1264450
20120221,000000,187.9500000,189.5900000,185.6400000,187.7100000,1888440
20120222,000000,188.5500000,190.5300000,185.3100000,186.7200000,1592060
20120224,000000,188.0100000,192.0000000,185.2000000,191.2200000,2538720
20120227,000000,191.2500000,191.2500000,186.4000000,188.7200000,3465000
20120228,000000,189.5000000,190.5000000,187.1100000,187.5400000,1808460
20120229,000000,188.2400000,194.4500000,188.0000000,194.4500000,3472410
20120301,000000,193.4500000,194.4000000,190.8200000,194.4000000,1368250
20120302,000000,194.9000000,195.9000000,190.2600000,194.7000000,2505940
20120305,000000,195.0000000,196.5000000,194.1400000,195.6300000,1047500
20120306,000000,194.6300000,194.9000000,186.5900000,186.6300000,2401990
20120307,000000,185.8600000,189.6800000,185.1200000,188.6600000,1220740
20120311,000000,192.6500000,195.5500000,192.1200000,194.7100000,808450
20120312,000000,193.8600000,195.9000000,192.7100000,195.3500000,2230140
20120313,000000,196.3900000,199.5000000,196.1000000,199.3800000,1886080
20120314,000000,200.0000000,201.0000000,197.3800000,200.9900000,1683800
20120315,000000,199.8400000,203.7000000,199.3300000,199.5000000,4349850
20120316,000000,199.2100000,205.2000000,198.8000000,203.0000000,2533800
20120319,000000,203.9800000,204.7000000,195.2500000,197.5000000,2264400
20120320,000000,197.5000000,199.8900000,190.6300000,192.9800000,1684160
20120321,000000,193.7700000,194.9900000,189.3800000,191.1800000,2366900
20120322,000000,191.2700000,192.9300000,189.0000000,191.2800000,1011540
20120323,000000,193.7200000,194.4700000,189.3700000,193.9000000,1392080
20120326,000000,194.5000000,199.6000000,193.5600000,198.8200000,1074850
20120327,000000,199.9000000,200.4600000,197.0600000,198.3000000,1011530
20120328,000000,197.3300000,198.3800000,193.3000000,193.3000000,1543220
20120329,000000,193.3100000,195.5100000,186.5000000,191.9400000,2036040
20120330,000000,192.6300000,197.3000000,192.4000000,196.3300000,1868170
20120402,000000,198.4100000,199.5000000,193.7500000,197.3000000,1579620
20120403,000000,198.1500000,202.5500000,196.5300000,199.9500000,2174290
20120404,000000,198.0600000,200.8700000,192.5300000,195.6600000,2106790
20120405,000000,195.2000000,196.4400000,192.0000000,194.3400000,1724470
20120406,000000,195.2600000,195.8700000,189.2000000,190.0300000,997110
20120409,000000,190.0000000,193.9900000,186.7800000,193.9800000,1254590
20120410,000000,193.2100000,194.4700000,188.2700000,188.4600000,1637510
20120411,000000,188.0000000,188.7700000,184.6000000,185.0700000,2520870
20120412,000000,186.0000000,186.2800000,180.2100000,183.4000000,3099490
20120413,000000,183.9600000,186.4400000,181.1400000,182.5400000,1991960
20120416,000000,181.9700000,184.6400000,180.1100000,182.5000000,1654790
20120417,000000,182.0000000,182.6700000,179.9000000,180.0000000,1787620
20120418,000000,181.5000000,182.4000000,177.5000000,177.7100000,3316540
20120419,000000,178.1500000,185.4700000,176.0100000,184.4700000,2982210
20120420,000000,183.1300000,185.9900000,182.7600000,184.8800000,1853860
20120423,000000,184.5000000,184.7100000,178.3500000,179.1900000,1462240
20120424,000000,180.0100000,180.4700000,175.4800000,179.8000000,1378090
20120425,000000,179.0000000,180.8800000,176.5000000,176.5000000,1199640
20120426,000000,177.5600000,178.6700000,174.3500000,178.1000000,1581950
20120427,000000,177.0600000,182.6200000,176.7900000,179.3700000,1571430
20120428,000000,179.7900000,182.4500000,178.5700000,180.7700000,220900
20120502,000000,182.5800000,187.8600000,180.8000000,181.0000000,1458660
20120503,000000,181.0000000,182.5200000,178.5000000,179.1000000,1562260
20120504,000000,179.1000000,179.5900000,170.0000000,171.1100000,2415790
20120505,000000,169.7600000,172.4900000,168.0100000,170.2900000,305040
20120507,000000,168.0000000,183.4800000,166.1400000,179.2000000,1208810
20120508,000000,179.2000000,180.8000000,172.0300000,173.7600000,1476240
20120510,000000,173.7600000,178.5000000,169.0000000,170.5000000,3447100
20120511,000000,169.6100000,173.0000000,167.0000000,171.4000000,1301670
20120512,000000,170.8800000,172.0000000,169.9500000,171.3100000,205580
20120514,000000,171.8000000,173.2000000,163.1700000,163.9900000,1623570
20120515,000000,158.1400000,164.9800000,156.6500000,163.7600000,2977720
20120516,000000,161.6100000,162.6800000,156.5300000,158.6400000,2641970
20120517,000000,158.6400000,159.5000000,150.0700000,150.7800000,2916070
20120518,000000,147.8500000,155.5500000,145.0000000,149.4200000,2052420
20120521,000000,149.5000000,158.8000000,148.1400000,158.0000000,1618390
20120522,000000,158.9500000,161.7600000,153.8800000,155.1700000,1713300
20120523,000000,153.5600000,153.7600000,149.0000000,151.9500000,2559420
20120524,000000,153.0400000,161.4500000,152.1100000,160.0200000,2679150
20120525,000000,159.4900000,164.9700000,159.2400000,163.1900000,1703280
20120528,000000,164.2500000,165.9800000,163.5600000,164.7000000,1026320
20120529,000000,165.1000000,174.0000000,164.6900000,173.0000000,1558320
20120530,000000,172.3000000,172.7800000,164.5500000,168.7500000,2234750
20120531,000000,168.0000000,171.8800000,165.0000000,165.7900000,1930080
20120601,000000,166.0000000,169.0000000,160.1400000,161.8900000,1981600
20120604,000000,159.5700000,170.3800000,158.7200000,169.3900000,1473120
20120605,000000,170.9500000,171.6800000,164.9000000,167.0100000,1294620
20120606,000000,169.6000000,172.7600000,164.2100000,169.6600000,1807210
20120607,000000,170.7000000,176.7800000,164.7000000,175.8500000,2971670
20120608,000000,173.2100000,178.8000000,172.4500000,176.4600000,1579400
20120609,000000,176.9000000,179.7900000,176.9000000,179.2200000,371360
20120613,000000,177.8900000,182.2600000,176.8400000,179.7000000,1547060
20120614,000000,178.8000000,179.6700000,175.7100000,177.1300000,887070
20120615,000000,178.7100000,186.0000000,178.0300000,184.8600000,4611010
20120618,000000,185.8100000,187.9900000,182.3500000,186.2800000,2130280
20120619,000000,185.0000000,186.9800000,184.1400000,184.9000000,1191670
20120620,000000,185.1900000,187.0000000,182.8100000,185.7900000,1360670
20120621,000000,184.1300000,185.2100000,181.1800000,182.8900000,1585830
20120622,000000,180.8400000,182.4700000,176.0200000,176.1600000,2177800
20120625,000000,176.1600000,176.1600000,169.6000000,170.7000000,1638740
20120626,000000,171.1800000,174.6800000,170.2100000,171.5100000,1136030
20120627,000000,172.9300000,178.5000000,172.2900000,178.3900000,1424730
20120628,000000,178.4400000,179.3000000,169.1600000,171.7500000,1791780
20120629,000000,173.7500000,181.5000000,173.7500000,180.2000000,3038110
20120702,000000,180.0000000,185.0000000,179.0100000,183.0000000,1357890
20120703,000000,183.9300000,189.5700000,183.6100000,188.7000000,2565220
20120704,000000,188.6500000,194.8700000,186.5000000,193.6000000,2315510
20120705,000000,193.0100000,200.6200000,193.0100000,198.6700000,3397680
20120706,000000,197.9100000,199.6700000,193.0300000,194.6500000,2305360
20120709,000000,194.7500000,195.9000000,191.4800000,192.7100000,1392830
20120710,000000,191.5800000,194.0000000,190.5400000,192.0100000,1594230
20120711,000000,191.1000000,192.4600000,185.0500000,186.8300000,2529660
20120712,000000,186.0000000,187.5000000,184.0000000,185.6800000,2537480
20120713,000000,186.9000000,190.7200000,186.0100000,190.1500000,1692090
20120716,000000,190.1500000,192.8900000,186.1000000,186.9000000,1496380
20120717,000000,188.0100000,190.6900000,187.3500000,190.3000000,2016050
20120718,000000,190.3400000,193.9900000,190.0100000,193.0000000,1744650
20120719,000000,194.3800000,198.7100000,193.6400000,197.2100000,2303660
20120720,000000,196.6100000,196.6400000,191.2300000,191.7100000,1206370
20120723,000000,189.9000000,190.0000000,182.9800000,184.1700000,2187810
20120724,000000,185.5000000,186.4000000,178.7000000,185.1500000,1755090
20120725,000000,183.5000000,189.4500000,182.7000000,186.7700000,1737780
20120726,000000,187.9000000,193.9000000,184.1700000,193.4800000,1813190
20120727,000000,194.2000000,200.5000000,192.0000000,200.0500000,3595670
20120730,000000,201.0100000,202.5000000,199.2200000,201.9700000,2464930
20120731,000000,201.9700000,202.0000000,194.8100000,197.4000000,1936800
20120801,000000,196.1000000,199.4700000,196.0900000,198.3100000,1033010
20120802,000000,198.1700000,201.7900000,194.3100000,196.2200000,1987210
20120803,000000,198.1800000,202.4400000,195.1300000,201.6200000,1574990
20120806,000000,201.6000000,206.0000000,200.4200000,203.6000000,2468880
20120807,000000,203.2400000,205.5000000,202.4500000,204.5400000,2101180
20120808,000000,204.0000000,205.1000000,202.5100000,202.5200000,1083050
20120809,000000,203.2200000,204.3000000,198.9100000,202.5300000,1826650
20120810,000000,201.1200000,201.9900000,197.4400000,200.9000000,1799870
20120813,000000,201.9900000,203.8300000,200.0200000,200.3100000,1218120
20120814,000000,200.3000000,204.4000000,200.0000000,204.2600000,1479050
20120815,000000,203.1000000,203.9200000,200.2000000,203.1700000,2015990
20120816,000000,203.7800000,204.9900000,199.4000000,200.5100000,2178530
20120817,000000,201.2200000,202.8800000,200.6300000,201.4800000,885340
20120820,000000,202.2400000,202.4800000,198.1000000,199.5800000,1511000
20120821,000000,199.6500000,204.7900000,199.5000000,204.0300000,1957610
20120822,000000,202.9000000,203.8000000,202.0000000,203.6600000,811000
20120823,000000,204.5000000,206.9900000,203.0100000,203.3300000,2635860
20120824,000000,202.4200000,204.4400000,201.7600000,203.1900000,1411770
20120827,000000,204.1100000,204.6700000,201.5100000,202.3400000,487500
20120828,000000,202.0000000,204.2000000,201.3500000,201.9100000,987900
20120829,000000,201.9100000,203.2800000,200.2400000,200.2500000,892280
20120830,000000,201.0000000,201.7100000,198.0300000,199.1700000,1046190
20120831,000000,199.3500000,201.3300000,195.2000000,195.7700000,1547370
20120903,000000,196.1900000,198.9900000,195.6200000,196.7000000,1394840
20120904,000000,197.3900000,198.3700000,195.8700000,197.2200000,761310
20120905,000000,196.2300000,197.8900000,194.0000000,194.0100000,1207630
20120906,000000,195.2000000,202.1500000,194.7700000,201.0100000,1764030
20120907,000000,201.5000000,205.5500000,201.2700000,204.4200000,3127290
20120910,000000,203.5500000,205.4000000,202.6100000,204.1800000,1267670
20120911,000000,203.1200000,205.2000000,202.2200000,204.2900000,717480
20120912,000000,204.5000000,205.4900000,203.0100000,205.4900000,1837700
20120913,000000,204.5500000,206.5000000,203.1500000,206.3000000,1613690
20120914,000000,208.4900000,215.5500000,207.8400000,210.3300000,4161570
20120917,000000,210.0000000,212.8500000,207.0000000,210.8300000,4068430
20120918,000000,209.6600000,211.9500000,209.0500000,210.8900000,1431250
20120919,000000,210.4800000,211.9600000,206.4200000,209.3900000,1939000
20120920,000000,208.4800000,209.8200000,204.4400000,208.2500000,2317860
20120921,000000,209.0000000,213.2400000,207.0900000,210.0500000,2510960
20120924,000000,209.9900000,210.8900000,206.3000000,206.5000000,1712640
20120925,000000,206.6100000,208.2800000,202.5000000,203.4600000,1838460
20120926,000000,201.7800000,201.8400000,194.2000000,196.6100000,2232840
20120927,000000,197.6300000,200.1300000,195.2200000,200.1300000,1436800
20120928,000000,201.9500000,202.8800000,199.1000000,201.3200000,1803490
20121001,000000,200.9600000,207.8000000,200.7100000,207.7600000,1886960
20121002,000000,207.0000000,208.5000000,206.0000000,207.8300000,791790
20121003,000000,206.8500000,207.3000000,201.0000000,203.1300000,1659060
20121004,000000,203.4000000,203.7000000,198.5000000,199.9900000,1483860
20121005,000000,201.5700000,206.2500000,201.5200000,204.7800000,1755270
20121008,000000,203.8600000,204.2000000,200.8000000,202.0200000,1028300
20121009,000000,203.2300000,204.2300000,201.4100000,203.0000000,1259440
20121010,000000,202.8800000,202.8800000,200.2100000,202.5000000,890460
20121011,000000,201.2800000,201.9900000,200.5000000,200.8000000,846910
20121012,000000,200.8000000,201.8600000,196.2800000,198.0000000,1386250
20121015,000000,197.5100000,202.0000000,196.1000000,200.5000000,1152780
20121016,000000,202.9900000,203.5000000,199.3000000,202.2900000,1164290
20121017,000000,203.0000000,209.5500000,201.8900000,207.9900000,2431000
20121018,000000,208.7000000,209.9000000,207.0000000,208.3000000,1403260
20121019,000000,208.3000000,208.9400000,203.6700000,203.8800000,1287810
20121022,000000,203.5100000,207.5000000,201.8700000,207.0100000,910520
20121023,000000,206.4400000,207.2400000,202.0100000,203.8100000,1166350
20121024,000000,204.2000000,204.8400000,199.2400000,201.0200000,1363040
20121025,000000,201.1000000,204.0000000,200.2800000,202.0000000,789670
20121026,000000,201.0000000,201.4900000,197.8300000,199.7900000,1317940
20121029,000000,199.2800000,201.7000000,198.0000000,201.6000000,578050
20121030,000000,201.0000000,204.3900000,197.1400000,197.6600000,903070
20121031,000000,198.2800000,200.4200000,195.4500000,197.4800000,1204700
20121101,000000,196.4800000,198.8000000,194.2000000,196.1300000,1285280
20121102,000000,197.2500000,197.7700000,195.0200000,195.3900000,1156900
20121106,000000,195.3700000,198.7900000,195.2000000,198.0000000,917860
20121107,000000,198.9300000,199.8400000,195.5000000,195.7100000,1275280
20121108,000000,195.0000000,196.7100000,192.0000000,195.4400000,1714290
20121109,000000,194.4400000,195.4400000,192.6000000,195.0500000,1240550
20121112,000000,196.3000000,196.6200000,194.1600000,196.3000000,897420
20121113,000000,194.7800000,195.7800000,192.0300000,193.3900000,2074110
20121114,000000,194.0700000,196.4000000,192.5600000,193.8000000,1178040
20121115,000000,192.3000000,193.8900000,191.0000000,192.6300000,1518160
20121116,000000,192.4600000,193.1900000,190.5000000,192.9800000,650030
20121119,000000,193.8700000,200.0000000,193.3100000,194.2600000,1463410
20121120,000000,195.0000000,195.1900000,189.8100000,193.7500000,795040
20121121,000000,195.5500000,198.3100000,192.8300000,198.0600000,932200
20121122,000000,197.8300000,199.4000000,196.8600000,196.9200000,811430
20121123,000000,197.8800000,201.4700000,197.1000000,201.4700000,1070970
20121126,000000,201.4700000,202.0300000,198.9600000,200.9800000,685620
20121127,000000,201.5400000,203.8000000,200.7600000,201.8000000,673820
20121128,000000,201.1300000,202.2200000,199.0000000,199.0000000,1200660
20121129,000000,200.6000000,201.9400000,197.1000000,198.7600000,1299090
20121130,000000,198.4000000,199.3500000,195.0400000,195.0400000,2031220
20121203,000000,197.2000000,202.3700000,196.1300000,201.0000000,2957900
20121204,000000,200.1200000,201.4700000,199.2200000,201.4700000,799250
20121205,000000,203.3000000,206.5000000,201.6300000,204.9900000,1100150
20121206,000000,204.9900000,207.0200000,203.5000000,205.7700000,1359050
20121207,000000,205.7700000,206.7000000,203.8000000,204.5000000,834820
20121210,000000,204.9700000,209.8700000,204.0600000,208.5300000,1251460
20121211,000000,208.6600000,211.0500000,207.7000000,209.0100000,1646820
20121212,000000,209.9800000,214.5800000,209.5000000,214.0000000,1673230
20121213,000000,213.4900000,217.8000000,213.4000000,217.4400000,2586830
20121214,000000,215.2100000,217.7500000,212.2600000,214.1700000,2336630
20121217,000000,213.8000000,214.9900000,212.0000000,212.3000000,1476950
20121218,000000,213.7100000,217.2500000,213.1500000,216.5000000,1623090
20121219,000000,217.5000000,217.7700000,216.3900000,217.4000000,776550
20121220,000000,216.3600000,218.9500000,215.7300000,218.5000000,1285670
20121221,000000,216.9900000,219.7600000,215.5000000,218.0000000,1731800
20121224,000000,217.8000000,217.8000000,216.0000000,216.1100000,776920
20121225,000000,216.5000000,216.6900000,215.6000000,216.0900000,316870
20121226,000000,216.0900000,217.5000000,215.6800000,217.3000000,2994920
20121227,000000,217.0900000,218.4900000,216.3600000,216.9300000,1236170
20121228,000000,216.9800000,218.3600000,216.4200000,218.0000000,1370450
20130108,000000,220.4900000,223.5000000,220.0100000,221.5900000,1578820
20130109,000000,220.9800000,221.4000000,217.4000000,220.9700000,2138430
20130110,000000,220.9700000,221.2300000,218.2100000,218.7000000,960260
20130111,000000,218.7000000,219.2500000,217.5000000,217.9100000,1498070
20130114,000000,217.4100000,220.9500000,217.4100000,220.5100000,894080
20130115,000000,221.0000000,221.7700000,217.0700000,217.3100000,1282270
20130116,000000,217.9200000,217.9700000,215.8100000,216.8600000,948360
20130117,000000,216.4000000,219.2800000,215.8200000,218.6000000,1167330
20130118,000000,219.0000000,221.4000000,218.5000000,220.3500000,1634640
20130121,000000,220.2900000,220.9900000,219.6300000,220.4800000,562580
20130122,000000,221.0000000,221.5000000,219.0000000,220.6900000,1370570
20130123,000000,220.6900000,221.4900000,218.8000000,220.4000000,1140100
20130124,000000,219.7000000,220.3900000,217.1600000,220.3500000,1019430
20130125,000000,220.2000000,222.0000000,219.2000000,221.9400000,1260250
20130128,000000,222.9800000,225.6700000,220.2200000,225.2200000,1695100
20130129,000000,224.9700000,225.5000000,221.8000000,223.7900000,1492930
20130130,000000,224.2100000,224.4900000,219.5000000,220.1100000,1148470
20130131,000000,220.1100000,222.0000000,219.0000000,221.9900000,1398870
20130201,000000,221.9900000,223.4000000,220.4000000,221.5000000,811240
20130204,000000,222.0000000,222.7000000,217.4500000,217.8000000,1946580
20130205,000000,217.5000000,219.0000000,217.5000000,218.9900000,936660
20130206,000000,219.4000000,220.9800000,216.2800000,218.5000000,1031400
20130207,000000,218.5000000,218.9700000,215.5100000,218.0400000,521970
20130208,000000,218.0400000,219.5000000,216.2000000,218.6500000,640800
20130211,000000,218.9800000,220.2200000,217.9100000,218.7000000,412260
20130212,000000,218.0300000,218.6100000,216.6100000,216.6500000,355720
20130213,000000,217.0000000,220.3700000,216.1000000,218.7200000,1811110
20130214,000000,218.0100000,221.5000000,214.3300000,216.9100000,1609950
20130215,000000,216.2400000,217.2900000,215.7500000,216.5100000,856530
20130218,000000,216.5200000,217.2000000,214.6800000,214.8500000,463400
20130219,000000,214.8500000,217.2300000,214.5000000,216.8000000,713980
20130220,000000,217.0000000,217.9900000,212.1800000,212.5500000,1737110
20130221,000000,211.7100000,212.6000000,210.0000000,212.5000000,1876980
20130222,000000,212.3000000,213.7900000,211.5500000,213.2400000,705290
20130225,000000,213.5000000,214.6900000,210.5700000,211.2600000,889500
20130226,000000,209.2800000,210.5000000,206.1500000,206.1500000,1126890
20130227,000000,207.0200000,208.2600000,203.2000000,204.9900000,1236330
20130228,000000,206.0000000,207.5000000,200.3000000,200.3000000,1519890
20130301,000000,201.1200000,206.4600000,200.8200000,201.8400000,1151660
20130304,000000,202.0000000,206.8000000,201.8400000,204.4700000,1025790
20130305,000000,206.2700000,208.8800000,203.8000000,205.4600000,1832460
20130306,000000,206.1000000,212.7300000,205.8600000,210.4200000,2012000
20130307,000000,210.4000000,212.8700000,210.4000000,211.2700000,677550
20130311,000000,212.2000000,216.3000000,212.1200000,215.7100000,2834770
20130312,000000,215.8700000,216.5000000,213.7000000,215.5000000,905760
20130313,000000,215.0000000,216.1800000,211.3500000,213.0300000,1513270
20130314,000000,212.8500000,214.5500000,209.9100000,210.5400000,1321480
20130315,000000,211.5000000,214.2000000,208.5700000,209.3000000,2749220
20130318,000000,205.9900000,206.2600000,198.0600000,201.0000000,2212880
20130319,000000,202.0500000,202.5000000,198.8000000,199.7000000,1310770
20130320,000000,199.0000000,200.3200000,197.4100000,199.7100000,2070940
20130321,000000,200.0200000,205.0000000,198.2700000,202.0000000,1143720
20130322,000000,202.0200000,202.5900000,195.2100000,199.4900000,2455360
20130325,000000,200.0100000,203.2000000,195.7200000,197.1700000,2101710
20130326,000000,197.1700000,198.4800000,194.5000000,196.8000000,1165620
20130327,000000,197.9100000,202.3500000,196.9000000,200.9800000,1480910
20130328,000000,200.9700000,205.4000000,199.1900000,205.3900000,1157150
20130329,000000,204.6800000,207.0000000,204.6500000,206.9400000,372720
20130401,000000,205.3300000,209.8900000,205.3300000,207.2600000,479610
20130402,000000,207.8800000,208.7300000,202.8400000,203.7000000,1548630
20130403,000000,203.7000000,206.7300000,202.8000000,204.9900000,1105790
20130404,000000,203.4500000,205.7500000,202.8400000,203.7500000,947110
20130405,000000,203.7500000,205.7900000,197.6900000,199.9000000,1704530
20130408,000000,200.0200000,202.7100000,196.0200000,196.0200000,961120
20130409,000000,198.0100000,201.5100000,195.3600000,198.3500000,1390230
20130410,000000,198.3500000,198.8900000,193.0000000,194.9900000,1655610
20130411,000000,196.0000000,196.1000000,189.0100000,190.8100000,1664710
20130412,000000,190.0300000,191.1900000,188.1700000,190.2000000,917140
20130415,000000,189.0000000,191.9300000,182.5200000,185.5000000,1543420
20130416,000000,182.9800000,186.1500000,181.0100000,182.3000000,1185930
20130417,000000,182.7400000,182.9500000,179.0000000,179.7700000,1730780
20130418,000000,179.3600000,181.4400000,177.0000000,177.0000000,2017470
20130419,000000,177.8900000,179.7800000,174.6300000,176.2900000,1422300
20130422,000000,176.8600000,180.2700000,175.0700000,179.5000000,1402110
20130423,000000,178.0000000,179.4700000,174.0100000,176.4100000,1471130
20130424,000000,176.4100000,190.7900000,176.4100000,190.7800000,1807310
20130425,000000,190.9800000,196.1900000,189.0000000,195.7100000,2071590
20130426,000000,195.0000000,196.9600000,191.8600000,196.9600000,772040
20130429,000000,196.4700000,198.7200000,193.0000000,193.5500000,658000
20130430,000000,193.6100000,201.4000000,193.6000000,199.2300000,1739250
20130502,000000,199.9100000,199.9900000,192.5800000,193.7600000,854580
20130503,000000,195.3100000,200.9900000,194.7300000,200.9900000,981410
20130506,000000,201.3000000,206.4700000,199.6000000,205.7500000,1038810
20130507,000000,205.7500000,206.9200000,202.9100000,204.9800000,1980890
20130508,000000,204.9600000,206.5000000,203.1100000,206.5000000,1468600
20130510,000000,206.3000000,213.8000000,205.3800000,210.4500000,1272210
20130513,000000,209.1000000,209.5700000,205.2000000,208.0000000,1055010
20130514,000000,200.6300000,204.9500000,200.1100000,201.9900000,2024110
20130515,000000,202.2900000,203.0600000,197.5400000,199.7700000,1043360
20130516,000000,199.7100000,200.1000000,190.2500000,190.2500000,909870
20130517,000000,190.8700000,201.9000000,185.5200000,201.8500000,1191510
20130520,000000,200.7800000,205.1900000,197.6300000,200.0200000,1070120
20130521,000000,199.5800000,206.9200000,198.2500000,206.4000000,1317530
20130522,000000,206.7200000,211.4900000,204.8100000,210.5400000,2148080
20130523,000000,207.3800000,207.7000000,202.4500000,203.6000000,1904620
20130524,000000,204.7800000,205.0000000,197.0500000,199.1200000,1465250
20130527,000000,200.6700000,202.7800000,198.0100000,198.4500000,395260
20130528,000000,199.2000000,202.9000000,198.1000000,201.2300000,957590
20130529,000000,201.2200000,201.2200000,190.0500000,190.8700000,1536890
20130530,000000,191.2000000,193.1800000,187.2300000,188.3000000,1647380
20130531,000000,190.0000000,190.5100000,180.2100000,180.4200000,2469520
20130603,000000,180.3900000,180.7600000,175.1000000,177.4200000,3137110
20130604,000000,178.5100000,184.9000000,178.1900000,182.7300000,1839970
20130605,000000,182.0000000,182.4500000,175.2800000,175.9500000,2211690
20130606,000000,175.0000000,177.2300000,170.2300000,170.2500000,2229790
20130607,000000,172.8700000,183.9000000,170.7500000,182.2100000,2660720
20130610,000000,184.6000000,184.7000000,176.6700000,179.5000000,1270060
20130611,000000,177.5100000,179.9600000,171.1300000,171.5200000,1858360
20130613,000000,167.2100000,170.9000000,165.1100000,168.4000000,1953640
