20100101,000000,1095.7000000,1097.9000000,1095.6000000,1096.2000000,647
20100104,000000,1099.0000000,1124.6000000,1093.8000000,1120.9000000,107298
20100105,000000,1120.9000000,1129.6000000,1115.5000000,1119.8000000,104981
20100106,000000,1119.7000000,1140.9000000,1116.8000000,1138.4000000,113555
20100107,000000,1138.5000000,1139.5000000,1128.7000000,1131.5000000,89323
20100108,000000,1131.1000000,1140.0000000,1119.5000000,1136.5000000,133847
20100109,000000,1136.6000000,1138.9000000,1136.6000000,1138.9000000,778
20100111,000000,1139.0000000,1163.0000000,1139.0000000,1152.6000000,109416
20100112,000000,1151.8000000,1158.3000000,1124.8000000,1127.4000000,139622
20100113,000000,1127.8000000,1138.6000000,1118.5000000,1138.3000000,127929
20100114,000000,1138.1000000,1146.7000000,1130.7000000,1143.8000000,104512
20100115,000000,1143.3000000,1146.0000000,1126.6000000,1131.3000000,86246
20100116,000000,1131.2000000,1131.7000000,1130.5000000,1130.5000000,311
20100118,000000,1130.7000000,1137.7000000,1127.5000000,1133.4000000,25774
20100119,000000,1133.8000000,1149.0000000,1128.8000000,1138.7000000,89083
20100120,000000,1138.4000000,1141.7000000,1106.8000000,1111.7000000,117209
20100121,000000,1111.7000000,1117.4000000,1088.0000000,1095.4000000,114534
20100122,000000,1095.5000000,1103.2000000,1081.9000000,1093.6000000,104662
20100123,000000,1093.3000000,1094.6000000,1089.7000000,1089.7000000,1589
20100125,000000,1092.5000000,1105.0000000,1092.5000000,1098.6000000,9379
20100126,000000,1098.1000000,1104.2000000,1086.5000000,1098.3000000,27286
20100127,000000,1098.3000000,1103.3000000,1084.1000000,1088.1000000,35929
20100128,000000,1087.9000000,1096.9000000,1074.4000000,1087.4000000,100559
20100129,000000,1087.4000000,1091.4000000,1075.0000000,1082.9000000,105010
20100130,000000,1082.3000000,1083.8000000,1081.2000000,1083.8000000,626
20100201,000000,1081.8000000,1107.9000000,1077.2000000,1106.7000000,102991
20100202,000000,1106.7000000,1119.9000000,1099.5000000,1114.7000000,106863
20100203,000000,1114.8000000,1126.4000000,1107.5000000,1110.0000000,106556
20100204,000000,1110.0000000,1112.0000000,1060.0000000,1066.3000000,135191
20100205,000000,1066.0000000,1071.0000000,1044.8000000,1068.1000000,128686
20100206,000000,1068.2000000,1068.5000000,1052.8000000,1052.8000000,1066
20100208,000000,1068.4000000,1074.3000000,1061.8000000,1062.8000000,87839
20100209,000000,1062.7000000,1083.8000000,1062.1000000,1076.9000000,94160
20100210,000000,1076.7000000,1083.0000000,1063.4000000,1073.5000000,97896
20100211,000000,1073.1000000,1098.4000000,1071.9000000,1094.3000000,103737
20100212,000000,1094.2000000,1097.7000000,1078.2000000,1092.9000000,92188
20100213,000000,1092.9000000,1094.1000000,1090.0000000,1090.0000000,618
20100215,000000,1093.8000000,1103.0000000,1092.0000000,1101.2000000,28813
20100216,000000,1101.8000000,1121.9000000,1098.6000000,1119.1000000,105674
20100217,000000,1119.1000000,1128.7000000,1111.9000000,1115.3000000,107460
20100218,000000,1115.4000000,1124.6000000,1098.1000000,1123.1000000,121607
20100219,000000,1123.0000000,1127.4000000,1099.3000000,1117.7000000,128541
20100220,000000,1117.9000000,1122.1000000,1117.4000000,1122.1000000,833
20100221,000000,1122.2000000,1131.5000000,1121.9000000,1124.8000000,15408
20100222,000000,1124.7000000,1128.7000000,1110.1000000,1117.5000000,84414
20100223,000000,1117.3000000,1121.7000000,1099.7000000,1106.8000000,103208
20100224,000000,1106.9000000,1107.5000000,1088.5000000,1091.0000000,119659
20100225,000000,1091.0000000,1110.5000000,1088.8000000,1109.7000000,119355
20100226,000000,1109.7000000,1119.5000000,1107.1000000,1118.9000000,77478
20100228,000000,1119.3000000,1120.7000000,1115.5000000,1118.6000000,12134
20100301,000000,1118.6000000,1123.9000000,1112.1000000,1116.9000000,80015
20100302,000000,1116.8000000,1138.2000000,1115.0000000,1134.6000000,115181
20100303,000000,1134.6000000,1145.8000000,1133.3000000,1137.0000000,98605
20100304,000000,1136.9000000,1142.3000000,1125.9000000,1135.6000000,88442
20100305,000000,1135.6000000,1141.2000000,1127.6000000,1135.2000000,75253
20100307,000000,1136.1000000,1137.9000000,1132.6000000,1135.4000000,10758
20100308,000000,1135.4000000,1138.0000000,1118.8000000,1121.9000000,82287
20100309,000000,1121.9000000,1126.9000000,1108.2000000,1126.3000000,98707
20100310,000000,1126.3000000,1128.3000000,1103.2000000,1108.7000000,107326
20100311,000000,1108.7000000,1113.8000000,1100.5000000,1112.3000000,84786
20100312,000000,1112.2000000,1119.5000000,1097.3000000,1101.7000000,101128
20100314,000000,1101.4000000,1105.3000000,1101.0000000,1104.7000000,7512
20100315,000000,1104.6000000,1113.9000000,1101.1000000,1112.8000000,63477
20100316,000000,1112.9000000,1129.3000000,1110.3000000,1127.9000000,90013
20100317,000000,1127.9000000,1133.9000000,1118.2000000,1123.1000000,79629
20100318,000000,1123.1000000,1129.5000000,1118.4000000,1123.6000000,70037
20100319,000000,1123.4000000,1126.9000000,1101.0000000,1107.6000000,90347
20100321,000000,1107.6000000,1108.6000000,1103.5000000,1108.2000000,7477
20100322,000000,1108.3000000,1108.5000000,1092.1000000,1105.6000000,87803
20100323,000000,1105.5000000,1107.9000000,1094.0000000,1103.7000000,72469
20100324,000000,1103.6000000,1103.6000000,1084.8000000,1088.8000000,106985
20100325,000000,1088.8000000,1095.6000000,1086.4000000,1094.7000000,71231
20100326,000000,1094.7000000,1109.8000000,1090.8000000,1104.3000000,72255
20100328,000000,1110.6000000,1113.8000000,1103.1000000,1106.4000000,7128
20100329,000000,1106.3000000,1114.7000000,1105.9000000,1109.8000000,48656
20100330,000000,1109.9000000,1112.9000000,1101.1000000,1107.0000000,23273
20100331,000000,1107.0000000,1119.9000000,1106.8000000,1113.3000000,72733
20100401,000000,1113.2000000,1129.1000000,1112.0000000,1126.1000000,78393
20100404,000000,1121.2000000,1128.0000000,1120.8000000,1126.6000000,7580
20100405,000000,1126.4000000,1134.3000000,1124.3000000,1128.7000000,58801
20100406,000000,1128.7000000,1139.6000000,1123.5000000,1138.9000000,90224
20100407,000000,1138.8000000,1154.2000000,1133.3000000,1146.9000000,102325
20100408,000000,1146.8000000,1154.7000000,1144.4000000,1152.9000000,81930
20100409,000000,1152.9000000,1166.2000000,1152.2000000,1161.9000000,77524
20100411,000000,1166.3000000,1170.7000000,1165.0000000,1166.8000000,13315
20100412,000000,1166.7000000,1168.5000000,1151.6000000,1152.0000000,91869
20100413,000000,1152.0000000,1158.1000000,1145.5000000,1156.3000000,79861
20100414,000000,1156.3000000,1162.7000000,1152.6000000,1156.4000000,73989
20100415,000000,1156.5000000,1162.3000000,1150.7000000,1154.9000000,71021
20100416,000000,1155.0000000,1158.8000000,1130.6000000,1136.9000000,81667
20100418,000000,1136.9000000,1138.5000000,1134.2000000,1135.7000000,9596
20100419,000000,1135.7000000,1138.6000000,1124.3000000,1138.0000000,87203
20100420,000000,1138.0000000,1146.8000000,1136.1000000,1142.5000000,73008
20100421,000000,1142.6000000,1151.2000000,1138.1000000,1147.0000000,77831
20100422,000000,1147.0000000,1149.8000000,1132.0000000,1140.6000000,79274
20100423,000000,1140.5000000,1158.5000000,1135.3000000,1153.7000000,77103
20100425,000000,1157.8000000,1160.7000000,1154.7000000,1159.6000000,11239
20100426,000000,1159.5000000,1159.6000000,1151.1000000,1155.5000000,59259
20100427,000000,1155.5000000,1173.1000000,1146.6000000,1164.9000000,91246
20100428,000000,1164.9000000,1175.2000000,1161.0000000,1166.2000000,80041
20100429,000000,1166.3000000,1176.2000000,1162.2000000,1173.0000000,73149
20100430,000000,1173.0000000,1182.4000000,1170.7000000,1180.7000000,62507
20100503,000000,1177.5000000,1188.4000000,1177.5000000,1181.5000000,59553
20100504,000000,1181.4000000,1192.8000000,1166.9000000,1168.5000000,100796
20100505,000000,1168.4000000,1178.3000000,1156.9000000,1176.6000000,86727
20100506,000000,1176.6000000,1211.9000000,1173.0000000,1199.6000000,107183
20100507,000000,1199.6000000,1214.3000000,1193.3000000,1210.4000000,74345
20100509,000000,1207.0000000,1207.0000000,1196.1000000,1201.0000000,20497
20100510,000000,1201.1000000,1205.4000000,1184.4000000,1205.1000000,85577
20100511,000000,1205.0000000,1235.5000000,1203.8000000,1234.9000000,120251
20100512,000000,1235.0000000,1249.1000000,1228.9000000,1238.7000000,75173
20100513,000000,1238.6000000,1243.7000000,1227.5000000,1236.6000000,87973
20100514,000000,1236.7000000,1249.7000000,1218.3000000,1232.8000000,85489
20100516,000000,1232.0000000,1242.8000000,1231.0000000,1239.4000000,12398
20100517,000000,1239.4000000,1242.0000000,1219.1000000,1226.2000000,79663
20100518,000000,1226.2000000,1229.6000000,1206.0000000,1207.3000000,145468
20100519,000000,1207.3000000,1220.5000000,1186.6000000,1197.2000000,135867
20100520,000000,1197.2000000,1197.2000000,1166.0000000,1175.5000000,107428
20100521,000000,1175.2000000,1188.0000000,1170.3000000,1177.1000000,94682
20100523,000000,1178.1000000,1186.6000000,1176.8000000,1186.4000000,6198
20100524,000000,1186.5000000,1197.3000000,1182.0000000,1192.1000000,65045
20100525,000000,1192.3000000,1206.7000000,1186.2000000,1205.9000000,85830
20100526,000000,1206.1000000,1218.5000000,1204.0000000,1217.8000000,60205
20100527,000000,1217.7000000,1218.0000000,1205.4000000,1210.1000000,25325
20100528,000000,1210.0000000,1214.8000000,1201.1000000,1212.2000000,5146
20100530,000000,1217.0000000,1217.0000000,1209.3000000,1214.5000000,248
20100531,000000,1214.4000000,1221.7000000,1210.7000000,1217.1000000,836
20100601,000000,1217.3000000,1228.9000000,1216.2000000,1226.7000000,6354
20100602,000000,1226.6000000,1227.1000000,1215.0000000,1223.8000000,56072
20100603,000000,1223.8000000,1226.2000000,1202.4000000,1207.8000000,75969
20100604,000000,1207.7000000,1222.0000000,1198.1000000,1217.7000000,97883
20100606,000000,1221.5000000,1222.5000000,1216.4000000,1220.2000000,6014
20100607,000000,1220.1000000,1246.7000000,1212.1000000,1239.5000000,102190
20100608,000000,1239.5000000,1274.1000000,1235.0000000,1239.7000000,91515
20100609,000000,1239.4000000,1240.7000000,1223.5000000,1232.5000000,86277
20100610,000000,1232.3000000,1232.3000000,1216.2000000,1219.6000000,77807
20100611,000000,1219.7000000,1232.4000000,1218.2000000,1230.2000000,48585
20100613,000000,1229.3000000,1234.4000000,1228.7000000,1232.1000000,3648
20100614,000000,1232.0000000,1235.9000000,1217.5000000,1223.0000000,64599
20100615,000000,1223.1000000,1238.5000000,1221.5000000,1235.0000000,63188
20100616,000000,1235.2000000,1239.5000000,1228.3000000,1235.7000000,53143
20100617,000000,1235.6000000,1252.8000000,1232.2000000,1246.2000000,83175
20100618,000000,1246.1000000,1263.7000000,1244.5000000,1258.3000000,67754
20100620,000000,1261.1000000,1262.5000000,1257.2000000,1260.6000000,5601
20100621,000000,1260.7000000,1266.5000000,1231.6000000,1239.3000000,105299
20100622,000000,1239.4000000,1244.0000000,1233.0000000,1240.4000000,70547
20100623,000000,1240.5000000,1247.4000000,1225.2000000,1237.4000000,114476
20100624,000000,1237.4000000,1249.5000000,1228.0000000,1243.8000000,107187
20100625,000000,1243.7000000,1259.5000000,1242.1000000,1256.2000000,72986
20100627,000000,1255.9000000,1259.5000000,1254.5000000,1256.7000000,6185
20100628,000000,1256.7000000,1263.7000000,1235.9000000,1240.7000000,132398
20100629,000000,1240.7000000,1246.0000000,1227.6000000,1242.7000000,115485
20100630,000000,1242.7000000,1248.8000000,1235.1000000,1241.0000000,95757
20100701,000000,1241.2000000,1244.8000000,1196.0000000,1208.3000000,206170
20100702,000000,1208.3000000,1214.0000000,1201.3000000,1207.7000000,86525
20100705,000000,1212.9000000,1213.8000000,1203.4000000,1209.5000000,19954
20100706,000000,1209.7000000,1214.3000000,1188.7000000,1189.3000000,100950
20100707,000000,1189.4000000,1207.2000000,1185.0000000,1204.3000000,91524
20100708,000000,1204.3000000,1208.2000000,1187.3000000,1197.0000000,88795
20100709,000000,1197.0000000,1214.1000000,1195.2000000,1209.8000000,73594
20100711,000000,1212.3000000,1213.5000000,1208.5000000,1209.1000000,4219
20100712,000000,1209.1000000,1210.4000000,1196.1000000,1198.8000000,58698
20100713,000000,1200.1000000,1218.8000000,1197.4000000,1211.3000000,64066
20100714,000000,1211.4000000,1218.2000000,1202.5000000,1211.5000000,90563
20100715,000000,1211.5000000,1217.3000000,1203.7000000,1207.0000000,82917
20100716,000000,1207.0000000,1209.4000000,1185.8000000,1188.2000000,106821
20100718,000000,1193.7000000,1193.8000000,1190.7000000,1192.4000000,3986
20100719,000000,1192.5000000,1194.7000000,1176.9000000,1183.5000000,101165
20100720,000000,1183.3000000,1193.7000000,1175.1000000,1189.0000000,83918
20100721,000000,1188.9000000,1198.0000000,1183.0000000,1185.8000000,80530
20100722,000000,1185.7000000,1201.2000000,1180.7000000,1195.0000000,83043
20100723,000000,1195.2000000,1203.9000000,1183.4000000,1187.8000000,83092
20100725,000000,1188.0000000,1193.4000000,1187.6000000,1192.6000000,4039
20100726,000000,1192.5000000,1194.8000000,1178.6000000,1184.5000000,84773
20100727,000000,1184.6000000,1186.5000000,1156.9000000,1162.1000000,144994
20100728,000000,1162.2000000,1166.4000000,1155.6000000,1165.5000000,71492
20100729,000000,1165.4000000,1169.4000000,1158.7000000,1168.0000000,20520
20100730,000000,1168.4000000,1184.5000000,1167.0000000,1183.9000000,3919
20100801,000000,1183.8000000,1186.4000000,1181.7000000,1185.5000000,5023
20100802,000000,1185.5000000,1193.9000000,1176.7000000,1184.2000000,77455
20100803,000000,1184.1000000,1197.2000000,1181.8000000,1194.4000000,61952
20100804,000000,1194.5000000,1205.4000000,1193.3000000,1195.9000000,90674
20100805,000000,1196.0000000,1202.8000000,1192.0000000,1198.2000000,62493
20100806,000000,1198.3000000,1213.3000000,1195.2000000,1205.3000000,85250
20100808,000000,1206.2000000,1208.1000000,1205.4000000,1207.5000000,2731
20100809,000000,1207.5000000,1212.1000000,1201.1000000,1202.5000000,58711
20100810,000000,1202.5000000,1209.9000000,1192.5000000,1204.2000000,87313
20100811,000000,1204.2000000,1210.2000000,1194.2000000,1201.2000000,105820
20100812,000000,1201.3000000,1218.5000000,1200.6000000,1217.4000000,100391
20100813,000000,1217.3000000,1219.8000000,1212.3000000,1216.6000000,55759
20100815,000000,1216.5000000,1221.7000000,1216.2000000,1220.3000000,6214
20100816,000000,1220.4000000,1229.5000000,1219.3000000,1226.2000000,61150
20100817,000000,1226.2000000,1231.1000000,1225.0000000,1227.2000000,50267
20100818,000000,1227.1000000,1234.4000000,1218.9000000,1231.1000000,88182
20100819,000000,1231.0000000,1239.5000000,1229.8000000,1234.1000000,73153
20100820,000000,1234.1000000,1234.5000000,1223.6000000,1228.8000000,61886
20100822,000000,1229.2000000,1232.0000000,1227.9000000,1231.9000000,4448
20100823,000000,1232.0000000,1234.0000000,1221.2000000,1223.1000000,56134
20100824,000000,1223.0000000,1237.5000000,1211.7000000,1233.3000000,116847
20100825,000000,1233.3000000,1243.4000000,1231.9000000,1242.2000000,88193
20100826,000000,1242.1000000,1246.0000000,1235.1000000,1238.9000000,66063
20100827,000000,1238.9000000,1244.2000000,1233.5000000,1237.9000000,72788
20100829,000000,1238.9000000,1240.4000000,1235.9000000,1238.1000000,5331
20100830,000000,1238.0000000,1240.2000000,1235.0000000,1237.8000000,33208
20100831,000000,1237.8000000,1251.8000000,1233.5000000,1249.8000000,95131
20100901,000000,1249.7000000,1256.6000000,1244.1000000,1249.0000000,91741
20100902,000000,1249.0000000,1255.2000000,1246.8000000,1253.1000000,60175
20100903,000000,1253.1000000,1255.6000000,1239.2000000,1251.1000000,93808
20100905,000000,1250.3000000,1251.3000000,1248.6000000,1250.1000000,1594
20100906,000000,1250.1000000,1253.3000000,1249.1000000,1251.1000000,12464
20100907,000000,1251.1000000,1261.6000000,1246.4000000,1259.3000000,79902
20100908,000000,1259.3000000,1264.7000000,1254.2000000,1258.0000000,90862
20100909,000000,1258.0000000,1260.5000000,1243.5000000,1248.5000000,102675
20100910,000000,1248.5000000,1253.0000000,1237.9000000,1246.5000000,86311
20100912,000000,1247.3000000,1248.3000000,1243.6000000,1247.0000000,5651
20100913,000000,1246.9000000,1251.9000000,1242.3000000,1250.4000000,68240
20100914,000000,1250.3000000,1276.5000000,1250.2000000,1270.3000000,155213
20100915,000000,1270.4000000,1273.5000000,1264.5000000,1268.4000000,82902
20100916,000000,1268.5000000,1279.5000000,1266.1000000,1278.1000000,83619
20100917,000000,1278.1000000,1284.4000000,1273.0000000,1277.5000000,78362
20100919,000000,1277.7000000,1283.4000000,1275.6000000,1281.9000000,8110
20100920,000000,1281.9000000,1285.2000000,1278.3000000,1280.6000000,68955
20100921,000000,1280.5000000,1292.5000000,1272.0000000,1289.6000000,133963
20100922,000000,1289.7000000,1298.0000000,1287.5000000,1292.6000000,105663
20100923,000000,1292.6000000,1297.5000000,1288.2000000,1295.5000000,88414
20100924,000000,1295.7000000,1301.6000000,1290.6000000,1298.1000000,88668
20100926,000000,1299.2000000,1299.5000000,1296.2000000,1298.5000000,6026
20100927,000000,1298.6000000,1301.3000000,1293.1000000,1293.9000000,65652
20100928,000000,1293.8000000,1313.5000000,1276.2000000,1312.6000000,159502
20100929,000000,1312.6000000,1314.8000000,1306.1000000,1309.4000000,97729
20100930,000000,1309.5000000,1317.5000000,1297.0000000,1311.4000000,143526
20101001,000000,1311.3000000,1322.0000000,1309.8000000,1320.0000000,85516
20101003,000000,1319.7000000,1321.3000000,1316.4000000,1319.2000000,6526
20101004,000000,1319.3000000,1321.0000000,1313.3000000,1319.2000000,70521
20101005,000000,1319.2000000,1351.0000000,1317.3000000,1349.2000000,138295
20101006,000000,1349.1000000,1357.3000000,1343.1000000,1353.5000000,115360
20101007,000000,1353.6000000,1366.0000000,1326.5000000,1335.6000000,234906
20101008,000000,1335.6000000,1350.8000000,1325.6000000,1347.9000000,159757
20101010,000000,1348.9000000,1356.3000000,1348.9000000,1353.2000000,9966
20101011,000000,1353.3000000,1356.3000000,1341.1000000,1350.0000000,95705
20101012,000000,1350.0000000,1359.9000000,1341.4000000,1357.3000000,122130
20101013,000000,1357.4000000,1381.4000000,1355.7000000,1381.2000000,163001
20101014,000000,1381.3000000,1388.1000000,1371.1000000,1380.5000000,147843
20101015,000000,1380.5000000,1386.4000000,1362.0000000,1369.8000000,155759
20101017,000000,1371.0000000,1371.5000000,1356.2000000,1361.4000000,15602
20101018,000000,1361.4000000,1375.6000000,1353.2000000,1367.3000000,113303
20101019,000000,1367.2000000,1371.3000000,1328.4000000,1341.6000000,241175
20101020,000000,1341.5000000,1349.6000000,1333.1000000,1341.8000000,134444
20101021,000000,1341.8000000,1348.4000000,1318.2000000,1327.0000000,187680
20101022,000000,1327.0000000,1328.8000000,1315.6000000,1327.9000000,122223
20101024,000000,1329.3000000,1339.7000000,1329.3000000,1339.1000000,12055
20101025,000000,1339.2000000,1349.5000000,1333.0000000,1338.5000000,122681
20101026,000000,1338.7000000,1343.7000000,1328.1000000,1335.4000000,136906
20101027,000000,1335.3000000,1335.8000000,1318.7000000,1326.7000000,139401
20101028,000000,1326.8000000,1346.2000000,1322.9000000,1339.9000000,135693
20101029,000000,1340.0000000,1359.8000000,1335.2000000,1359.8000000,136146
20101031,000000,1359.7000000,1366.4000000,1356.7000000,1361.5000000,13205
20101101,000000,1361.6000000,1365.6000000,1349.1000000,1355.5000000,104697
20101102,000000,1355.5000000,1359.9000000,1350.2000000,1355.2000000,89267
20101103,000000,1355.2000000,1364.8000000,1325.5000000,1355.5000000,228602
20101104,000000,1355.4000000,1394.4000000,1353.8000000,1389.4000000,187738
20101105,000000,1389.4000000,1398.7000000,1371.9000000,1393.9000000,175950
20101107,000000,1397.3000000,1398.5000000,1387.8000000,1390.8000000,15574
20101108,000000,1391.0000000,1413.3000000,1386.6000000,1412.1000000,147642
20101109,000000,1412.2000000,1424.3000000,1382.2000000,1398.7000000,258964
20101110,000000,1398.6000000,1410.0000000,1383.4000000,1407.3000000,227683
20101111,000000,1407.4000000,1417.6000000,1382.6000000,1385.8000000,165644
20101112,000000,1386.0000000,1395.0000000,1359.3000000,1368.3000000,227552
20101114,000000,1371.0000000,1375.5000000,1362.8000000,1363.9000000,18971
20101115,000000,1363.7000000,1376.6000000,1354.8000000,1361.3000000,161441
20101116,000000,1361.4000000,1363.8000000,1329.0000000,1338.0000000,239861
20101117,000000,1337.9000000,1352.6000000,1330.1000000,1352.0000000,139095
20101118,000000,1352.1000000,1362.9000000,1346.4000000,1354.0000000,145462
20101119,000000,1353.8000000,1361.7000000,1341.0000000,1353.6000000,122652
20101121,000000,1357.5000000,1362.2000000,1354.5000000,1361.3000000,12168
20101122,000000,1361.3000000,1367.4000000,1347.9000000,1359.1000000,115757
20101123,000000,1359.1000000,1382.9000000,1355.6000000,1376.1000000,150304
20101124,000000,1376.0000000,1381.0000000,1367.2000000,1371.1000000,86746
20101125,000000,1371.0000000,1374.9000000,1369.4000000,1369.7000000,14368
20101126,000000,1369.7000000,1370.4000000,1350.1000000,1363.5000000,57781
20101128,000000,1364.0000000,1364.3000000,1352.6000000,1361.8000000,5935
20101129,000000,1361.9000000,1369.8000000,1354.7000000,1365.2000000,21044
20101130,000000,1365.2000000,1394.4000000,1364.9000000,1393.7000000,17145
20101201,000000,1393.7000000,1398.3000000,1383.0000000,1393.1000000,130223
20101202,000000,1394.0000000,1399.7000000,1383.8000000,1392.4000000,115558
20101203,000000,1392.4000000,1417.0000000,1386.6000000,1416.0000000,132469
20101205,000000,1415.1000000,1416.7000000,1409.8000000,1414.6000000,12039
20101206,000000,1414.6000000,1429.4000000,1411.1000000,1422.8000000,122458
20101207,000000,1422.6000000,1432.5000000,1389.3000000,1392.1000000,181109
20101208,000000,1392.2000000,1401.5000000,1372.1000000,1388.8000000,173791
20101209,000000,1388.9000000,1395.6000000,1381.5000000,1392.0000000,108296
20101210,000000,1391.8000000,1393.0000000,1372.7000000,1385.5000000,113655
20101213,000000,1390.3000000,1407.9000000,1388.2000000,1404.9000000,98600
20101214,000000,1405.0000000,1408.9000000,1392.4000000,1393.9000000,114019
20101215,000000,1393.9000000,1396.2000000,1378.2000000,1382.3000000,120166
20101216,000000,1382.3000000,1387.3000000,1361.9000000,1375.6000000,154283
20101217,000000,1375.6000000,1379.8000000,1365.4000000,1376.1000000,84823
20101219,000000,1379.4000000,1386.3000000,1379.3000000,1384.5000000,10547
20101220,000000,1384.6000000,1388.9000000,1376.6000000,1386.7000000,72644
20101221,000000,1386.7000000,1393.0000000,1381.5000000,1389.7000000,75134
20101222,000000,1389.6000000,1391.7000000,1383.5000000,1387.8000000,49772
20101223,000000,1387.7000000,1388.3000000,1372.6000000,1379.1000000,62847
20101226,000000,1378.1000000,1386.4000000,1372.7000000,1385.5000000,11200
20101227,000000,1385.5000000,1392.5000000,1378.4000000,1392.1000000,39089
20101228,000000,1392.3000000,1407.8000000,1388.5000000,1406.6000000,83349
20101229,000000,1406.4000000,1414.9000000,1401.5000000,1414.8000000,62075
20101230,000000,1414.9000000,1415.4000000,1403.5000000,1409.0000000,48295
20101231,000000,1409.3000000,1422.0000000,1407.8000000,1422.0000000,32606
20110102,000000,1420.4000000,1420.6000000,1414.5000000,1420.2000000,7441
20110103,000000,1420.0000000,1424.4000000,1415.8000000,1415.9000000,56221
20110105,000000,1382.5000000,1384.8000000,1364.0000000,1377.2000000,154509
20110106,000000,1377.2000000,1380.0000000,1364.3000000,1369.4000000,134334
20110107,000000,1369.4000000,1379.0000000,1352.7000000,1369.7000000,170870
20110109,000000,1369.8000000,1376.1000000,1367.6000000,1373.5000000,8603
20110110,000000,1373.5000000,1377.7000000,1365.0000000,1376.4000000,89964
20110111,000000,1376.4000000,1386.8000000,1372.4000000,1384.0000000,123048
20110112,000000,1384.1000000,1389.0000000,1376.3000000,1385.5000000,113874
20110113,000000,1385.5000000,1392.9000000,1369.1000000,1377.5000000,149625
20110114,000000,1377.4000000,1377.5000000,1354.6000000,1361.4000000,161454
20110116,000000,1361.0000000,1365.5000000,1360.6000000,1363.5000000,7150
20110117,000000,1363.5000000,1365.4000000,1356.8000000,1364.8000000,33101
20110118,000000,1364.9000000,1376.0000000,1364.2000000,1374.3000000,105816
20110119,000000,1374.3000000,1378.9000000,1366.7000000,1367.7000000,102956
20110120,000000,1367.8000000,1368.9000000,1342.4000000,1345.1000000,184053
20110121,000000,1345.2000000,1349.7000000,1337.0000000,1341.9000000,117781
20110123,000000,1343.0000000,1352.4000000,1343.0000000,1351.4000000,12124
20110124,000000,1351.4000000,1352.3000000,1329.5000000,1332.2000000,113777
20110125,000000,1332.2000000,1334.7000000,1321.9000000,1333.1000000,144403
20110126,000000,1333.1000000,1347.5000000,1324.3000000,1344.3000000,138665
20110127,000000,1344.3000000,1345.0000000,1309.1000000,1312.1000000,128558
20110128,000000,1312.0000000,1348.0000000,1311.3000000,1339.1000000,177993
20110130,000000,1340.5000000,1347.2000000,1331.1000000,1335.3000000,19501
20110131,000000,1335.2000000,1340.6000000,1323.6000000,1337.9000000,122543
20110201,000000,1337.9000000,1345.6000000,1326.0000000,1340.6000000,120649
20110202,000000,1340.6000000,1340.6000000,1327.3000000,1332.9000000,90154
20110203,000000,1333.0000000,1356.6000000,1325.4000000,1351.8000000,166814
20110204,000000,1351.9000000,1361.0000000,1345.5000000,1349.1000000,116893
20110206,000000,1347.6000000,1349.3000000,1344.1000000,1348.8000000,6126
20110207,000000,1348.8000000,1354.5000000,1345.5000000,1351.2000000,71647
20110208,000000,1351.3000000,1368.7000000,1348.9000000,1364.3000000,123018
20110209,000000,1364.4000000,1367.7000000,1358.3000000,1361.5000000,95003
20110210,000000,1361.5000000,1366.8000000,1351.4000000,1362.4000000,110283
20110211,000000,1362.6000000,1369.7000000,1354.3000000,1356.7000000,112526
20110213,000000,1358.0000000,1359.8000000,1354.4000000,1359.4000000,8765
20110214,000000,1359.5000000,1367.5000000,1356.8000000,1365.8000000,78884
20110215,000000,1365.8000000,1377.5000000,1364.3000000,1374.1000000,96224
20110216,000000,1374.1000000,1382.7000000,1368.3000000,1377.5000000,120932
20110217,000000,1377.5000000,1386.0000000,1376.7000000,1385.4000000,86160
20110218,000000,1385.3000000,1392.6000000,1382.0000000,1389.4000000,97006
20110220,000000,1391.1000000,1396.7000000,1390.2000000,1394.9000000,10725
20110221,000000,1394.8000000,1411.5000000,1394.8000000,1402.3000000,67758
20110222,000000,1402.3000000,1407.0000000,1393.3000000,1398.8000000,128991
20110223,000000,1398.8000000,1417.3000000,1398.2000000,1411.4000000,131313
20110224,000000,1411.4000000,1418.8000000,1392.2000000,1407.5000000,149342
20110225,000000,1407.7000000,1412.4000000,1400.3000000,1410.0000000,87924
20110227,000000,1411.2000000,1415.6000000,1408.5000000,1414.2000000,9346
20110228,000000,1414.3000000,1417.0000000,1405.2000000,1414.1000000,96438
20110301,000000,1414.2000000,1435.6000000,1413.0000000,1430.8000000,146547
20110302,000000,1430.8000000,1441.0000000,1428.2000000,1431.9000000,130604
20110303,000000,1431.9000000,1433.8000000,1410.6000000,1418.8000000,164408
20110304,000000,1418.7000000,1434.0000000,1415.1000000,1433.1000000,120603
20110306,000000,1435.4000000,1438.7000000,1433.1000000,1437.7000000,14797
20110307,000000,1437.5000000,1445.7000000,1428.3000000,1430.2000000,133392
20110308,000000,1430.1000000,1437.2000000,1423.2000000,1425.4000000,107893
20110309,000000,1425.4000000,1436.8000000,1424.6000000,1430.6000000,93537
20110310,000000,1430.6000000,1431.7000000,1403.0000000,1414.6000000,172585
20110311,000000,1414.5000000,1424.6000000,1404.8000000,1419.6000000,114072
20110314,000000,1424.9000000,1431.0000000,1407.9000000,1412.6000000,92259
20110315,000000,1412.6000000,1417.5000000,1380.7000000,1397.9000000,191991
20110316,000000,1398.0000000,1406.6000000,1386.8000000,1393.3000000,132289
20110317,000000,1393.2000000,1413.1000000,1391.6000000,1410.7000000,89796
20110318,000000,1410.7000000,1424.1000000,1409.8000000,1419.3000000,100125
20110320,000000,1424.5000000,1429.7000000,1423.5000000,1426.3000000,10447
20110321,000000,1426.3000000,1435.1000000,1425.1000000,1429.1000000,87857
20110322,000000,1428.9000000,1432.3000000,1419.5000000,1427.0000000,86270
20110323,000000,1427.0000000,1441.2000000,1426.6000000,1438.1000000,102792
20110324,000000,1438.1000000,1448.6000000,1423.7000000,1433.8000000,140081
20110325,000000,1433.7000000,1438.1000000,1422.0000000,1429.9000000,99741
20110327,000000,1428.5000000,1430.0000000,1424.3000000,1426.0000000,5950
20110328,000000,1426.0000000,1426.2000000,1410.1000000,1419.6000000,88452
20110329,000000,1419.4000000,1423.5000000,1411.2000000,1418.3000000,53273
20110330,000000,1418.5000000,1430.3000000,1412.0000000,1426.8000000,19512
20110331,000000,1426.4000000,1440.0000000,1426.2000000,1434.4000000,12152
20110401,000000,1434.2000000,1437.7000000,1413.5000000,1429.2000000,142387
20110404,000000,1432.1000000,1440.3000000,1431.3000000,1439.6000000,74648
20110405,000000,1439.5000000,1458.6000000,1431.0000000,1455.5000000,149142
20110406,000000,1455.7000000,1467.0000000,1454.1000000,1455.6000000,102140
20110407,000000,1455.6000000,1469.8000000,1453.7000000,1467.4000000,102332
20110408,000000,1467.4000000,1476.4000000,1466.1000000,1476.4000000,90755
20110410,000000,1476.9000000,1478.0000000,1472.5000000,1476.0000000,10959
20110411,000000,1475.9000000,1477.0000000,1454.7000000,1457.7000000,103380
20110412,000000,1457.6000000,1468.5000000,1445.0000000,1458.4000000,154304
20110413,000000,1458.5000000,1463.7000000,1452.0000000,1460.1000000,105442
20110414,000000,1460.0000000,1480.5000000,1453.2000000,1475.6000000,138140
20110415,000000,1475.6000000,1489.1000000,1472.2000000,1487.1000000,115947
20110417,000000,1488.0000000,1489.7000000,1485.3000000,1487.5000000,9671
20110418,000000,1487.5000000,1498.6000000,1477.8000000,1489.2000000,183965
20110419,000000,1489.3000000,1500.9000000,1489.3000000,1499.4000000,121144
20110420,000000,1499.4000000,1508.9000000,1495.4000000,1506.5000000,136264
20110421,000000,1506.5000000,1509.6000000,1500.4000000,1504.9000000,92471
20110424,000000,1511.6000000,1517.1000000,1509.7000000,1516.7000000,13211
20110425,000000,1516.8000000,1519.2000000,1495.9000000,1498.3000000,120501
20110426,000000,1498.3000000,1510.5000000,1492.0000000,1509.4000000,121476
20110427,000000,1509.4000000,1534.0000000,1503.3000000,1532.2000000,161499
20110428,000000,1532.1000000,1538.8000000,1524.5000000,1533.9000000,150397
20110429,000000,1534.0000000,1569.8000000,1532.1000000,1565.8000000,141083
20110501,000000,1566.8000000,1577.4000000,1540.3000000,1549.4000000,46044
20110502,000000,1549.6000000,1575.8000000,1516.2000000,1549.9000000,169075
20110503,000000,1550.0000000,1551.4000000,1527.1000000,1532.4000000,182263
20110504,000000,1532.3000000,1543.5000000,1505.5000000,1521.6000000,219816
20110505,000000,1521.5000000,1522.1000000,1462.5000000,1485.1000000,310337
20110506,000000,1485.1000000,1498.5000000,1474.6000000,1495.2000000,200721
20110508,000000,1496.6000000,1504.8000000,1489.0000000,1504.1000000,12309
20110509,000000,1504.0000000,1513.9000000,1498.5000000,1510.2000000,125826
20110510,000000,1510.0000000,1523.5000000,1505.2000000,1523.2000000,115401
20110511,000000,1523.2000000,1526.8000000,1495.4000000,1504.1000000,178058
20110512,000000,1504.3000000,1509.7000000,1477.6000000,1503.8000000,183134
20110513,000000,1503.8000000,1516.4000000,1482.0000000,1494.2000000,148679
20110515,000000,1494.8000000,1494.8000000,1486.0000000,1490.0000000,9297
20110516,000000,1489.9000000,1504.3000000,1488.5000000,1494.1000000,110263
20110517,000000,1494.1000000,1497.5000000,1471.1000000,1492.2000000,173946
20110518,000000,1492.3000000,1499.7000000,1487.7000000,1497.3000000,127607
20110519,000000,1497.4000000,1497.5000000,1485.8000000,1496.7000000,103542
20110520,000000,1496.8000000,1515.8000000,1486.4000000,1513.6000000,156926
20110522,000000,1512.8000000,1519.0000000,1507.8000000,1510.9000000,15838
20110523,000000,1510.9000000,1518.5000000,1503.7000000,1517.8000000,125755
20110524,000000,1517.8000000,1528.0000000,1515.0000000,1524.5000000,107077
20110525,000000,1524.4000000,1532.5000000,1521.3000000,1529.5000000,99074
20110526,000000,1529.6000000,1531.1000000,1514.6000000,1525.4000000,91975
20110527,000000,1525.3000000,1538.5000000,1522.8000000,1536.5000000,28489
20110529,000000,1536.5000000,1538.0000000,1535.0000000,1535.3000000,363
20110530,000000,1535.3000000,1541.0000000,1534.5000000,1537.3000000,1169
20110531,000000,1537.3000000,1541.1000000,1530.4000000,1531.6000000,10681
20110601,000000,1531.8000000,1551.6000000,1530.5000000,1541.0000000,136163
20110602,000000,1541.0000000,1545.5000000,1520.4000000,1531.5000000,130784
20110603,000000,1531.6000000,1548.4000000,1524.9000000,1543.6000000,130928
20110605,000000,1544.5000000,1547.6000000,1541.6000000,1547.5000000,6445
20110606,000000,1547.4000000,1555.0000000,1541.9000000,1545.9000000,90303
20110607,000000,1545.9000000,1551.4000000,1537.0000000,1542.0000000,102446
20110608,000000,1542.0000000,1544.2000000,1531.8000000,1536.7000000,101010
20110609,000000,1536.6000000,1550.8000000,1534.0000000,1542.6000000,99670
20110610,000000,1542.5000000,1545.5000000,1526.7000000,1532.5000000,111276
20110612,000000,1530.8000000,1533.9000000,1528.1000000,1531.5000000,6641
20110613,000000,1531.5000000,1533.4000000,1511.4000000,1521.3000000,110487
20110614,000000,1521.3000000,1528.8000000,1512.8000000,1525.3000000,99824
20110615,000000,1525.3000000,1535.7000000,1514.5000000,1527.5000000,140877
20110616,000000,1527.5000000,1534.0000000,1522.0000000,1527.1000000,93361
20110617,000000,1527.2000000,1543.0000000,1523.2000000,1539.8000000,96452
20110619,000000,1541.1000000,1542.8000000,1536.8000000,1536.8000000,6426
20110620,000000,1536.8000000,1548.2000000,1533.6000000,1542.8000000,85881
20110621,000000,1542.8000000,1549.0000000,1541.6000000,1547.1000000,81969
20110622,000000,1547.0000000,1559.3000000,1542.0000000,1547.9000000,129030
20110623,000000,1548.0000000,1548.2000000,1511.5000000,1524.0000000,212677
20110624,000000,1524.0000000,1524.8000000,1498.5000000,1502.8000000,150329
20110626,000000,1501.0000000,1506.1000000,1498.5000000,1500.5000000,12856
20110627,000000,1500.4000000,1503.9000000,1490.8000000,1499.5000000,105651
20110628,000000,1499.5000000,1507.0000000,1495.5000000,1505.1000000,87025
20110629,000000,1505.0000000,1514.8000000,1503.7000000,1513.7000000,89667
20110630,000000,1513.8000000,1513.8000000,1497.1000000,1501.5000000,112938
20110701,000000,1501.5000000,1501.5000000,1478.3000000,1486.7000000,118464
20110703,000000,1486.7000000,1494.4000000,1486.2000000,1493.3000000,6362
20110704,000000,1493.4000000,1498.5000000,1492.7000000,1495.0000000,18995
20110705,000000,1495.0000000,1518.0000000,1493.6000000,1516.7000000,95617
20110706,000000,1516.8000000,1534.5000000,1510.3000000,1531.9000000,124580
20110707,000000,1531.7000000,1534.9000000,1522.2000000,1531.6000000,84496
20110708,000000,1531.7000000,1546.0000000,1525.0000000,1544.6000000,111339
20110710,000000,1544.9000000,1546.7000000,1542.3000000,1546.3000000,7305
20110711,000000,1546.3000000,1557.6000000,1542.1000000,1552.0000000,129314
20110712,000000,1552.1000000,1574.3000000,1541.1000000,1565.7000000,154518
20110713,000000,1565.8000000,1590.8000000,1565.7000000,1584.0000000,170890
20110714,000000,1584.0000000,1594.9000000,1579.4000000,1584.0000000,144611
20110715,000000,1584.0000000,1594.5000000,1576.0000000,1594.5000000,97855
20110717,000000,1594.4000000,1599.2000000,1591.4000000,1597.9000000,12818
20110718,000000,1597.9000000,1607.9000000,1595.5000000,1604.7000000,107048
20110719,000000,1604.6000000,1610.7000000,1582.7000000,1591.7000000,140205
20110720,000000,1592.0000000,1603.8000000,1581.1000000,1602.0000000,124758
20110721,000000,1602.1000000,1605.0000000,1584.9000000,1589.3000000,130029
20110722,000000,1589.3000000,1607.7000000,1583.2000000,1599.6000000,100950
20110724,000000,1608.7000000,1624.3000000,1603.8000000,1615.0000000,31434
20110725,000000,1615.2000000,1621.9000000,1609.4000000,1614.4000000,119517
20110726,000000,1614.4000000,1624.5000000,1607.8000000,1622.2000000,104318
20110727,000000,1622.2000000,1628.8000000,1608.9000000,1615.0000000,108543
20110728,000000,1615.2000000,1620.6000000,1602.8000000,1614.5000000,23640
20110729,000000,1614.2000000,1634.9000000,1610.6000000,1629.0000000,4476
20110731,000000,1621.4000000,1621.5000000,1608.2000000,1616.8000000,18573
20110801,000000,1616.8000000,1634.5000000,1612.1000000,1625.4000000,127959
20110802,000000,1625.4000000,1664.5000000,1625.4000000,1660.3000000,157631
20110803,000000,1660.2000000,1675.9000000,1658.8000000,1666.9000000,180325
20110804,000000,1666.9000000,1684.9000000,1642.2000000,1660.2000000,261352
20110805,000000,1660.1000000,1673.0000000,1650.3000000,1665.8000000,164143
20110807,000000,1681.7000000,1705.9000000,1681.7000000,1702.9000000,49283
20110808,000000,1702.9000000,1774.8000000,1694.3000000,1759.0000000,256725
20110809,000000,1759.2000000,1782.5000000,1722.5000000,1755.7000000,322893
20110810,000000,1755.6000000,1817.6000000,1743.5000000,1790.1000000,289873
20110811,000000,1790.2000000,1798.6000000,1734.5000000,1765.3000000,278553
20110812,000000,1765.3000000,1769.9000000,1725.8000000,1749.1000000,172028
20110814,000000,1747.0000000,1750.5000000,1730.8000000,1745.3000000,17285
20110815,000000,1744.8000000,1772.7000000,1734.5000000,1767.2000000,102777
20110816,000000,1767.3000000,1790.8000000,1766.5000000,1787.4000000,146405
20110817,000000,1787.2000000,1797.6000000,1781.6000000,1793.1000000,120381
20110818,000000,1793.3000000,1847.9000000,1793.1000000,1845.4000000,189012
20110819,000000,1845.8000000,1881.4000000,1840.1000000,1855.3000000,229227
20110821,000000,1863.4000000,1881.9000000,1858.0000000,1879.6000000,37155
20110822,000000,1879.6000000,1917.9000000,1860.4000000,1906.6000000,221205
20110823,000000,1906.8000000,1907.6000000,1826.0000000,1848.6000000,338711
20110824,000000,1848.5000000,1856.8000000,1735.4000000,1737.1000000,402218
20110825,000000,1737.0000000,1785.6000000,1705.4000000,1776.7000000,325472
20110826,000000,1776.7000000,1832.5000000,1766.4000000,1831.7000000,213101
20110828,000000,1839.5000000,1841.5000000,1808.7000000,1825.1000000,28299
20110829,000000,1824.9000000,1826.5000000,1778.1000000,1794.8000000,161253
20110830,000000,1794.9000000,1845.1000000,1786.2000000,1836.4000000,171014
20110831,000000,1836.4000000,1842.7000000,1813.6000000,1826.6000000,153906
20110901,000000,1826.5000000,1833.6000000,1815.5000000,1831.5000000,119770
20110902,000000,1831.3000000,1887.4000000,1830.0000000,1886.7000000,159279
20110904,000000,1879.9000000,1893.3000000,1877.0000000,1879.5000000,19264
20110905,000000,1879.4000000,1915.8000000,1878.0000000,1915.4000000,83907
20110906,000000,1915.4000000,1923.7000000,1818.2000000,1849.4000000,304829
20110907,000000,1849.4000000,1857.0000000,1793.8000000,1834.2000000,284639
20110908,000000,1834.4000000,1873.3000000,1828.4000000,1865.2000000,196715
20110909,000000,1864.9000000,1889.1000000,1825.5000000,1861.2000000,229970
20110911,000000,1862.3000000,1865.2000000,1844.6000000,1857.4000000,19738
20110912,000000,1857.7000000,1860.8000000,1804.0000000,1834.5000000,204608
20110913,000000,1834.5000000,1848.2000000,1794.8000000,1837.2000000,168368
20110914,000000,1837.3000000,1840.0000000,1810.5000000,1812.5000000,151640
20110915,000000,1812.5000000,1819.9000000,1765.4000000,1769.1000000,223048
20110916,000000,1769.2000000,1825.0000000,1766.0000000,1814.9000000,139550
20110918,000000,1820.0000000,1832.9000000,1816.8000000,1824.5000000,18738
20110919,000000,1824.5000000,1829.8000000,1771.0000000,1782.0000000,168196
20110920,000000,1782.2000000,1817.2000000,1772.0000000,1816.2000000,156296
20110921,000000,1816.3000000,1880.0000000,1772.5000000,1780.6000000,169560
20110922,000000,1780.6000000,1780.6000000,1723.2000000,1738.2000000,241927
20110923,000000,1738.5000000,1751.8000000,1631.7000000,1659.9000000,314867
20110925,000000,1659.9000000,1666.3000000,1607.2000000,1616.7000000,52819
20110926,000000,1616.6000000,1651.0000000,1535.0000000,1639.2000000,323027
20110927,000000,1639.2000000,1679.2000000,1633.2000000,1644.5000000,186167
20110928,000000,1644.5000000,1672.0000000,1585.0000000,1621.9000000,186522
20110929,000000,1622.1000000,1642.5000000,1602.2000000,1626.9000000,157611
20110930,000000,1626.8000000,1636.8000000,1607.8000000,1626.5000000,117289
20111002,000000,1620.0000000,1638.5000000,1620.0000000,1632.9000000,11182
20111003,000000,1632.9000000,1674.4000000,1630.5000000,1666.2000000,131532
20111004,000000,1666.5000000,1681.5000000,1597.6000000,1630.9000000,179475
20111005,000000,1630.7000000,1649.8000000,1596.6000000,1646.0000000,136058
20111006,000000,1645.8000000,1668.0000000,1633.2000000,1662.3000000,116689
20111007,000000,1662.2000000,1666.3000000,1627.6000000,1642.2000000,107082
20111009,000000,1640.7000000,1655.7000000,1639.9000000,1653.2000000,8900
20111010,000000,1653.1000000,1686.7000000,1651.6000000,1681.8000000,88727
20111011,000000,1681.9000000,1683.7000000,1655.4000000,1667.6000000,96788
20111012,000000,1667.8000000,1693.9000000,1666.9000000,1679.1000000,106336
20111013,000000,1679.1000000,1681.1000000,1654.3000000,1666.7000000,100646
20111014,000000,1666.5000000,1685.5000000,1666.1000000,1681.8000000,84698
20111016,000000,1683.8000000,1686.3000000,1677.6000000,1684.3000000,10579
20111017,000000,1684.0000000,1696.8000000,1665.4000000,1672.9000000,101711
20111018,000000,1672.9000000,1673.9000000,1628.2000000,1661.0000000,167622
20111019,000000,1660.9000000,1664.5000000,1619.3000000,1620.5000000,118496
20111020,000000,1620.4000000,1631.6000000,1604.7000000,1624.6000000,163899
20111021,000000,1624.7000000,1649.8000000,1620.2000000,1643.0000000,97854
20111023,000000,1643.3000000,1648.5000000,1636.6000000,1647.8000000,12482
20111024,000000,1647.4000000,1663.3000000,1644.6000000,1657.5000000,97356
20111025,000000,1657.5000000,1716.9000000,1649.6000000,1715.0000000,179993
20111026,000000,1715.0000000,1729.8000000,1703.4000000,1723.1000000,132407
20111027,000000,1723.2000000,1754.0000000,1707.2000000,1745.9000000,136087
20111028,000000,1746.0000000,1748.7000000,1733.0000000,1743.5000000,81524
20111030,000000,1743.4000000,1746.5000000,1707.7000000,1714.1000000,32150
20111031,000000,1714.1000000,1729.4000000,1705.5000000,1719.6000000,94787
20111101,000000,1719.7000000,1729.4000000,1670.0000000,1723.3000000,160903
20111102,000000,1723.3000000,1745.6000000,1720.5000000,1731.8000000,124259
20111103,000000,1731.5000000,1769.5000000,1724.0000000,1760.7000000,137201
20111104,000000,1760.5000000,1765.6000000,1749.8000000,1755.3000000,72830
20111106,000000,1755.5000000,1774.0000000,1754.0000000,1773.1000000,14580
20111107,000000,1773.2000000,1799.9000000,1763.3000000,1794.5000000,101095
20111108,000000,1794.3000000,1804.4000000,1778.3000000,1791.1000000,110129
20111109,000000,1791.1000000,1801.1000000,1755.6000000,1762.0000000,152292
20111110,000000,1761.7000000,1776.9000000,1736.6000000,1768.5000000,291766
20111111,000000,1768.3000000,1791.1000000,1761.8000000,1789.0000000,73714
20111113,000000,1790.1000000,1797.6000000,1788.8000000,1794.0000000,20389
20111114,000000,1794.2000000,1794.5000000,1766.5000000,1773.4000000,110896
20111115,000000,1773.2000000,1787.8000000,1760.9000000,1764.9000000,114367
20111116,000000,1764.7000000,1780.5000000,1753.9000000,1765.9000000,131141
20111117,000000,1766.0000000,1767.9000000,1711.0000000,1724.3000000,174375
20111118,000000,1724.4000000,1738.5000000,1713.2000000,1726.0000000,104518
20111120,000000,1724.2000000,1725.9000000,1713.2000000,1722.2000000,11834
20111121,000000,1722.1000000,1727.4000000,1667.1000000,1684.6000000,177460
20111122,000000,1684.8000000,1710.4000000,1682.4000000,1709.9000000,130349
20111123,000000,1710.0000000,1710.8000000,1677.1000000,1694.0000000,113309
20111124,000000,1693.9000000,1702.7000000,1688.3000000,1688.5000000,22754
20111125,000000,1688.5000000,1698.9000000,1672.6000000,1681.0000000,64864
20111127,000000,1685.0000000,1709.6000000,1684.0000000,1706.9000000,16765
20111128,000000,1706.8000000,1722.4000000,1704.5000000,1713.7000000,76777
20111129,000000,1713.5000000,1726.0000000,1704.0000000,1721.4000000,16079
20111130,000000,1721.0000000,1754.3000000,1699.9000000,1749.3000000,11450
20111201,000000,1749.3000000,1758.0000000,1737.2000000,1749.2000000,100494
20111202,000000,1749.2000000,1767.1000000,1745.0000000,1749.1000000,89417
20111204,000000,1751.1000000,1758.8000000,1747.2000000,1748.2000000,11699
20111205,000000,1748.4000000,1751.4000000,1712.0000000,1717.5000000,109209
20111206,000000,1717.4000000,1736.9000000,1705.7000000,1732.8000000,111923
20111207,000000,1732.8000000,1747.0000000,1723.6000000,1740.9000000,95897
20111208,000000,1740.9000000,1760.5000000,1704.9000000,1714.3000000,156671
20111209,000000,1714.0000000,1727.9000000,1707.1000000,1714.9000000,81340
20111211,000000,1716.5000000,1718.6000000,1688.0000000,1694.4000000,22364
20111212,000000,1694.5000000,1696.0000000,1654.4000000,1657.6000000,144419
20111213,000000,1657.5000000,1681.7000000,1625.3000000,1642.6000000,164603
20111214,000000,1642.3000000,1645.0000000,1565.7000000,1571.5000000,258317
20111215,000000,1571.4000000,1596.5000000,1562.5000000,1589.1000000,161104
20111216,000000,1589.2000000,1603.5000000,1585.1000000,1601.5000000,102723
20111218,000000,1603.4000000,1608.2000000,1585.5000000,1589.5000000,21349
20111219,000000,1589.6000000,1611.5000000,1589.3000000,1599.7000000,91007
20111220,000000,1599.5000000,1630.0000000,1598.7000000,1626.5000000,90441
20111221,000000,1626.5000000,1643.7000000,1604.4000000,1606.2000000,109613
20111222,000000,1606.2000000,1618.6000000,1599.1000000,1611.9000000,78767
20111223,000000,1611.9000000,1615.5000000,1604.0000000,1608.7000000,28904
20111226,000000,1608.0000000,1609.0000000,1592.5000000,1597.5000000,9638
20111227,000000,1597.5000000,1602.3000000,1587.5000000,1590.1000000,38785
20111228,000000,1590.2000000,1594.4000000,1550.9000000,1554.6000000,105242
20111229,000000,1554.7000000,1561.0000000,1523.9000000,1556.3000000,119260
20111230,000000,1556.3000000,1582.8000000,1554.7000000,1567.0000000,69906
20120102,000000,1570.4000000,1588.7000000,1566.8000000,1585.1000000,9317
20120103,000000,1584.8000000,1609.7000000,1583.7000000,1599.8000000,98937
20120104,000000,1599.9000000,1622.9000000,1594.4000000,1619.9000000,125839
20120105,000000,1619.9000000,1628.9000000,1597.7000000,1624.8000000,150864
20120106,000000,1624.8000000,1632.3000000,1609.0000000,1617.4000000,123590
20120108,000000,1617.6000000,1617.9000000,1605.7000000,1611.8000000,11495
20120109,000000,1611.7000000,1624.6000000,1607.1000000,1621.0000000,104061
20120110,000000,1620.9000000,1641.4000000,1616.9000000,1637.6000000,114330
20120111,000000,1637.5000000,1648.0000000,1634.3000000,1645.6000000,113728
20120112,000000,1645.5000000,1665.5000000,1635.7000000,1645.9000000,124403
20120113,000000,1645.8000000,1650.0000000,1625.7000000,1640.3000000,106879
20120115,000000,1636.8000000,1642.5000000,1631.9000000,1640.3000000,11512
20120116,000000,1640.3000000,1659.8000000,1638.8000000,1658.4000000,38511
20120117,000000,1658.5000000,1668.0000000,1643.9000000,1655.6000000,107608
20120118,000000,1655.5000000,1666.8000000,1642.1000000,1662.7000000,121157
20120119,000000,1662.9000000,1670.6000000,1649.2000000,1655.9000000,101280
20120120,000000,1655.8000000,1667.3000000,1645.2000000,1667.0000000,101325
20120122,000000,1665.6000000,1673.4000000,1663.0000000,1670.7000000,8283
20120123,000000,1670.7000000,1681.8000000,1666.6000000,1675.1000000,95497
20120124,000000,1675.0000000,1678.1000000,1661.0000000,1667.2000000,93719
20120125,000000,1667.3000000,1714.2000000,1649.2000000,1709.4000000,187352
20120126,000000,1709.8000000,1731.5000000,1703.0000000,1718.6000000,142081
20120127,000000,1718.6000000,1739.8000000,1716.7000000,1737.6000000,79373
20120129,000000,1736.6000000,1739.9000000,1729.1000000,1730.1000000,3212
20120130,000000,1730.1000000,1737.7000000,1715.7000000,1736.4000000,19161
20120131,000000,1736.5000000,1747.7000000,1727.4000000,1740.5000000,12830
20120201,000000,1740.5000000,1756.7000000,1735.4000000,1749.2000000,113482
20120202,000000,1749.1000000,1764.0000000,1743.3000000,1760.8000000,119326
20120203,000000,1760.9000000,1765.9000000,1726.2000000,1728.5000000,166734
20120205,000000,1731.3000000,1740.9000000,1729.2000000,1737.3000000,18029
20120206,000000,1737.3000000,1737.4000000,1714.0000000,1724.1000000,113838
20120207,000000,1724.1000000,1752.6000000,1712.6000000,1751.1000000,150416
20120208,000000,1751.1000000,1754.8000000,1726.0000000,1737.6000000,133740
20120209,000000,1737.5000000,1755.5000000,1728.1000000,1734.9000000,145743
20120210,000000,1734.9000000,1735.3000000,1706.4000000,1719.6000000,146372
20120212,000000,1727.5000000,1732.1000000,1722.1000000,1729.2000000,13534
20120213,000000,1729.3000000,1735.4000000,1716.8000000,1718.9000000,97824
20120214,000000,1718.8000000,1729.9000000,1713.8000000,1728.8000000,127327
20120215,000000,1728.7000000,1739.2000000,1721.2000000,1722.0000000,128713
20120216,000000,1722.1000000,1735.7000000,1706.7000000,1734.9000000,146653
20120217,000000,1735.0000000,1737.5000000,1718.6000000,1725.2000000,91222
20120219,000000,1728.4000000,1739.0000000,1727.0000000,1736.8000000,11325
20120220,000000,1736.8000000,1741.7000000,1730.1000000,1741.1000000,40631
20120221,000000,1741.1000000,1770.0000000,1737.3000000,1757.4000000,141778
20120222,000000,1757.4000000,1783.4000000,1750.7000000,1774.7000000,149857
20120223,000000,1774.7000000,1789.5000000,1773.6000000,1778.2000000,131755
20120224,000000,1778.2000000,1784.4000000,1771.3000000,1775.0000000,102452
20120226,000000,1776.2000000,1779.8000000,1773.0000000,1775.2000000,11693
20120227,000000,1775.3000000,1781.0000000,1762.6000000,1773.5000000,113427
20120228,000000,1773.5000000,1792.7000000,1773.0000000,1788.7000000,141865
20120229,000000,1788.7000000,1792.3000000,1688.4000000,1721.8000000,330911
20120301,000000,1721.8000000,1727.3000000,1703.0000000,1721.0000000,183288
20120302,000000,1721.0000000,1721.8000000,1705.4000000,1712.4000000,111775
20120304,000000,1712.9000000,1718.0000000,1710.7000000,1712.9000000,13779
20120305,000000,1713.1000000,1713.4000000,1694.4000000,1703.0000000,142703
20120306,000000,1702.9000000,1704.0000000,1663.4000000,1676.6000000,195984
20120307,000000,1676.7000000,1689.5000000,1671.7000000,1689.0000000,120016
20120308,000000,1688.9000000,1707.6000000,1687.3000000,1704.7000000,118168
20120309,000000,1704.7000000,1716.5000000,1677.0000000,1713.4000000,166419
20120311,000000,1715.0000000,1717.4000000,1704.8000000,1705.2000000,12854
20120312,000000,1705.1000000,1708.7000000,1692.5000000,1704.2000000,105450
20120313,000000,1704.2000000,1705.9000000,1662.1000000,1680.3000000,187673
20120314,000000,1680.2000000,1680.9000000,1634.7000000,1641.3000000,225453
20120315,000000,1641.3000000,1667.4000000,1639.5000000,1659.3000000,145185
20120316,000000,1659.5000000,1664.9000000,1639.7000000,1660.5000000,115154
20120318,000000,1659.6000000,1665.1000000,1656.9000000,1662.3000000,10297
20120319,000000,1662.3000000,1670.1000000,1652.3000000,1657.2000000,105702
20120320,000000,1657.2000000,1657.9000000,1641.2000000,1652.3000000,128378
20120321,000000,1652.4000000,1661.9000000,1646.3000000,1648.6000000,121268
20120322,000000,1648.7000000,1652.3000000,1625.0000000,1645.3000000,150799
20120323,000000,1645.5000000,1666.3000000,1641.5000000,1661.1000000,112480
20120325,000000,1662.1000000,1669.4000000,1660.2000000,1661.4000000,11164
20120326,000000,1661.4000000,1693.4000000,1655.1000000,1688.1000000,126180
20120327,000000,1688.1000000,1696.9000000,1676.4000000,1676.5000000,108107
20120328,000000,1676.4000000,1684.5000000,1654.0000000,1658.9000000,101376
20120329,000000,1658.7000000,1665.5000000,1644.3000000,1662.8000000,20049
20120330,000000,1662.9000000,1672.7000000,1661.2000000,1670.7000000,82856
20120401,000000,1671.4000000,1676.3000000,1669.2000000,1669.8000000,8262
20120402,000000,1670.1000000,1685.4000000,1664.4000000,1680.0000000,91870
20120403,000000,1680.1000000,1682.7000000,1640.2000000,1644.5000000,146545
20120404,000000,1644.6000000,1646.6000000,1613.0000000,1624.8000000,173829
20120405,000000,1624.8000000,1634.8000000,1621.2000000,1632.0000000,93584
20120408,000000,1641.0000000,1648.2000000,1636.7000000,1642.8000000,15091
20120409,000000,1642.9000000,1655.9000000,1637.3000000,1653.2000000,74025
20120410,000000,1653.4000000,1664.8000000,1632.5000000,1657.4000000,142066
20120411,000000,1657.5000000,1663.9000000,1653.5000000,1658.7000000,87214
20120412,000000,1659.0000000,1681.3000000,1651.0000000,1674.9000000,118762
20120413,000000,1675.2000000,1679.2000000,1649.7000000,1659.8000000,110814
20120415,000000,1658.3000000,1658.3000000,1645.4000000,1646.0000000,13432
20120416,000000,1646.3000000,1659.6000000,1642.0000000,1649.4000000,96634
20120417,000000,1649.4000000,1658.4000000,1635.2000000,1652.9000000,129635
20120418,000000,1652.9000000,1655.2000000,1637.5000000,1638.8000000,97357
20120419,000000,1638.8000000,1654.9000000,1631.2000000,1644.7000000,128315
20120420,000000,1644.7000000,1648.2000000,1638.6000000,1643.3000000,73558
20120422,000000,1642.8000000,1644.2000000,1640.6000000,1642.8000000,5562
20120423,000000,1643.0000000,1643.4000000,1623.6000000,1637.0000000,110093
20120424,000000,1637.0000000,1650.1000000,1634.6000000,1642.5000000,91765
20120425,000000,1642.5000000,1649.0000000,1625.0000000,1646.9000000,153595
20120426,000000,1646.9000000,1662.0000000,1646.2000000,1656.7000000,110777
20120427,000000,1656.9000000,1668.4000000,1651.1000000,1662.6000000,81231
20120429,000000,1663.1000000,1665.7000000,1662.8000000,1665.1000000,2470
20120430,000000,1664.9000000,1668.9000000,1645.1000000,1666.6000000,102761
20120501,000000,1666.6000000,1672.3000000,1657.5000000,1659.9000000,86722
20120502,000000,1659.9000000,1660.6000000,1646.0000000,1649.2000000,117741
20120503,000000,1649.0000000,1649.8000000,1631.3000000,1634.5000000,126874
20120504,000000,1634.5000000,1648.0000000,1626.8000000,1643.1000000,123714
20120506,000000,1643.2000000,1644.0000000,1634.8000000,1638.5000000,12544
20120507,000000,1638.9000000,1643.0000000,1632.2000000,1636.7000000,68502
20120508,000000,1636.6000000,1638.3000000,1587.4000000,1590.7000000,202805
20120509,000000,1590.9000000,1596.5000000,1578.5000000,1594.9000000,167309
20120510,000000,1595.0000000,1602.2000000,1584.0000000,1585.8000000,118325
20120511,000000,1585.7000000,1590.9000000,1572.0000000,1579.9000000,106662
20120513,000000,1585.1000000,1585.8000000,1578.2000000,1580.5000000,10339
20120514,000000,1581.0000000,1582.0000000,1552.6000000,1553.7000000,138967
20120515,000000,1553.8000000,1564.4000000,1532.7000000,1536.1000000,150540
20120516,000000,1535.5000000,1552.2000000,1526.7000000,1547.5000000,198469
20120517,000000,1547.7000000,1579.8000000,1545.5000000,1573.9000000,187054
20120518,000000,1573.9000000,1597.5000000,1567.8000000,1591.8000000,137335
20120520,000000,1590.2000000,1599.0000000,1590.0000000,1597.3000000,14611
20120521,000000,1597.2000000,1598.7000000,1584.5000000,1588.7000000,97796
20120522,000000,1588.8000000,1590.8000000,1554.5000000,1559.8000000,152455
20120523,000000,1559.8000000,1564.4000000,1532.8000000,1556.9000000,207999
20120524,000000,1557.6000000,1577.7000000,1550.7000000,1552.5000000,159828
20120525,000000,1552.6000000,1573.7000000,1552.3000000,1573.1000000,93557
20120527,000000,1573.5000000,1577.6000000,1570.9000000,1577.0000000,7946
20120528,000000,1576.9000000,1583.5000000,1570.5000000,1573.3000000,32096
20120529,000000,1573.0000000,1582.4000000,1543.8000000,1547.1000000,105979
20120530,000000,1546.7000000,1569.0000000,1530.4000000,1561.3000000,18494
20120531,000000,1561.5000000,1572.6000000,1551.8000000,1558.8000000,14830
20120601,000000,1558.7000000,1632.0000000,1545.5000000,1627.6000000,269974
20120603,000000,1627.3000000,1629.2000000,1616.1000000,1622.1000000,20950
20120604,000000,1622.2000000,1629.7000000,1610.0000000,1621.2000000,112172
20120605,000000,1621.1000000,1630.6000000,1612.5000000,1627.2000000,100999
20120606,000000,1627.2000000,1642.4000000,1614.4000000,1623.0000000,159747
20120607,000000,1622.7000000,1630.7000000,1556.4000000,1573.0000000,242267
20120608,000000,1572.9000000,1596.3000000,1566.7000000,1595.1000000,120490
20120610,000000,1602.8000000,1609.3000000,1596.3000000,1599.3000000,13746
20120611,000000,1599.6000000,1604.2000000,1582.7000000,1592.5000000,105732
20120612,000000,1592.4000000,1618.9000000,1586.4000000,1610.5000000,136759
20120613,000000,1610.7000000,1626.0000000,1608.5000000,1624.3000000,123516
20120614,000000,1624.4000000,1629.0000000,1610.4000000,1626.0000000,132223
20120615,000000,1626.6000000,1635.4000000,1620.4000000,1628.3000000,104637
20120617,000000,1630.0000000,1631.3000000,1606.9000000,1623.8000000,19606
20120618,000000,1623.7000000,1631.9000000,1613.5000000,1629.6000000,100807
20120619,000000,1629.8000000,1634.3000000,1618.1000000,1621.4000000,113018
20120620,000000,1621.1000000,1623.0000000,1590.5000000,1603.3000000,191294
20120621,000000,1603.5000000,1605.3000000,1562.3000000,1566.0000000,195966
20120622,000000,1565.8000000,1574.1000000,1558.6000000,1573.1000000,99401
20120624,000000,1573.1000000,1577.3000000,1568.0000000,1574.3000000,11581
20120625,000000,1574.3000000,1589.0000000,1566.9000000,1584.1000000,95150
20120626,000000,1584.2000000,1587.5000000,1568.2000000,1572.2000000,92521
20120627,000000,1572.4000000,1584.6000000,1563.1000000,1575.7000000,106601
20120628,000000,1575.8000000,1578.3000000,1547.6000000,1563.4000000,138844
20120629,000000,1563.4000000,1607.8000000,1562.9000000,1598.6000000,147650
20120701,000000,1599.2000000,1600.4000000,1589.3000000,1593.8000000,10362
20120702,000000,1593.6000000,1605.7000000,1587.4000000,1603.0000000,85415
20120703,000000,1603.8000000,1625.7000000,1602.5000000,1617.2000000,88038
20120704,000000,1616.5000000,1620.1000000,1611.6000000,1616.3000000,26779
20120705,000000,1616.3000000,1624.5000000,1597.5000000,1603.4000000,123519
20120706,000000,1603.5000000,1610.6000000,1576.4000000,1583.0000000,141845
20120708,000000,1582.4000000,1583.8000000,1576.0000000,1581.8000000,10121
20120709,000000,1581.7000000,1593.1000000,1580.1000000,1586.2000000,70269
20120710,000000,1586.1000000,1602.0000000,1564.4000000,1574.0000000,127149
20120711,000000,1573.8000000,1583.4000000,1566.6000000,1570.8000000,107689
20120712,000000,1570.7000000,1576.6000000,1554.4000000,1570.3000000,130249
20120713,000000,1570.2000000,1596.5000000,1569.4000000,1588.1000000,95302
20120715,000000,1591.0000000,1592.6000000,1583.4000000,1589.9000000,8186
20120716,000000,1589.3000000,1596.0000000,1577.2000000,1591.8000000,79167
20120717,000000,1592.1000000,1598.8000000,1571.0000000,1580.8000000,129939
20120718,000000,1580.4000000,1584.6000000,1567.2000000,1577.5000000,107189
20120719,000000,1577.5000000,1591.5000000,1575.8000000,1582.2000000,106300
20120720,000000,1582.2000000,1586.7000000,1572.6000000,1582.7000000,88020
20120722,000000,1581.5000000,1582.4000000,1576.5000000,1577.4000000,9477
20120723,000000,1577.3000000,1579.7000000,1562.0000000,1576.7000000,114321
20120724,000000,1576.8000000,1584.5000000,1567.8000000,1583.2000000,123000
20120725,000000,1583.2000000,1610.0000000,1579.5000000,1603.0000000,148172
20120726,000000,1603.0000000,1621.5000000,1600.8000000,1615.2000000,135307
20120727,000000,1615.2000000,1628.6000000,1613.5000000,1622.8000000,113671
20120729,000000,1623.0000000,1625.8000000,1619.1000000,1620.7000000,2353
20120730,000000,1620.4000000,1624.3000000,1613.1000000,1622.8000000,11728
20120731,000000,1623.2000000,1627.5000000,1610.0000000,1617.7000000,9247
20120801,000000,1617.8000000,1621.8000000,1595.0000000,1604.4000000,135743
20120802,000000,1604.4000000,1618.8000000,1586.3000000,1591.9000000,136759
20120803,000000,1592.4000000,1609.9000000,1588.5000000,1607.0000000,105335
20120805,000000,1607.4000000,1610.8000000,1605.3000000,1610.7000000,5881
20120806,000000,1610.4000000,1618.4000000,1584.8000000,1614.3000000,68593
20120807,000000,1614.4000000,1621.3000000,1611.0000000,1612.1000000,71326
20120808,000000,1612.1000000,1620.3000000,1605.9000000,1618.7000000,83794
20120809,000000,1618.6000000,1621.0000000,1612.2000000,1614.4000000,62443
20120810,000000,1614.4000000,1629.7000000,1606.6000000,1623.1000000,93333
20120812,000000,1623.7000000,1627.7000000,1621.6000000,1626.5000000,7488
20120813,000000,1626.9000000,1628.2000000,1609.7000000,1614.7000000,82447
20120814,000000,1614.4000000,1618.9000000,1593.6000000,1604.0000000,108809
20120815,000000,1603.9000000,1609.1000000,1592.1000000,1605.4000000,89223
20120816,000000,1605.4000000,1622.0000000,1603.0000000,1617.9000000,97641
20120817,000000,1617.9000000,1623.0000000,1613.3000000,1617.5000000,64992
20120819,000000,1618.5000000,1622.0000000,1617.2000000,1621.4000000,4941
20120820,000000,1621.2000000,1624.8000000,1611.8000000,1624.7000000,66273
20120821,000000,1624.6000000,1643.6000000,1624.0000000,1641.4000000,117264
20120822,000000,1641.6000000,1668.2000000,1636.3000000,1665.5000000,134259
20120823,000000,1665.4000000,1677.5000000,1659.5000000,1669.3000000,133660
20120824,000000,1668.9000000,1676.3000000,1665.1000000,1673.4000000,81173
20120826,000000,1674.0000000,1679.3000000,1673.2000000,1677.4000000,11187
20120827,000000,1677.2000000,1679.2000000,1659.1000000,1662.7000000,75847
20120828,000000,1662.8000000,1674.9000000,1661.5000000,1671.3000000,89098
20120829,000000,1671.1000000,1672.5000000,1654.4000000,1659.1000000,88100
20120830,000000,1659.1000000,1666.7000000,1652.3000000,1657.9000000,85886
20120831,000000,1657.8000000,1695.5000000,1647.1000000,1692.6000000,167553
20120902,000000,1693.3000000,1695.3000000,1688.0000000,1693.6000000,11439
20120903,000000,1693.9000000,1699.6000000,1687.6000000,1697.4000000,40701
20120904,000000,1697.5000000,1701.6000000,1690.1000000,1694.3000000,114917
20120905,000000,1694.0000000,1700.9000000,1689.6000000,1699.2000000,92978
20120906,000000,1699.3000000,1716.9000000,1691.3000000,1694.7000000,164114
20120907,000000,1694.7000000,1745.4000000,1691.9000000,1737.6000000,173991
20120909,000000,1738.3000000,1742.3000000,1736.0000000,1740.4000000,13938
20120910,000000,1740.1000000,1740.4000000,1727.0000000,1731.9000000,92615
20120911,000000,1731.9000000,1740.5000000,1729.7000000,1738.1000000,95291
20120912,000000,1738.1000000,1749.5000000,1727.3000000,1733.6000000,152028
20120913,000000,1733.8000000,1780.0000000,1720.0000000,1779.8000000,243870
20120914,000000,1779.6000000,1780.2000000,1767.7000000,1773.5000000,140373
20120916,000000,1773.5000000,1778.9000000,1773.4000000,1777.2000000,11670
20120917,000000,1777.1000000,1778.3000000,1756.0000000,1758.4000000,115437
20120918,000000,1758.6000000,1775.9000000,1753.2000000,1774.1000000,144754
20120919,000000,1774.2000000,1781.8000000,1764.2000000,1766.4000000,141442
20120920,000000,1766.2000000,1776.0000000,1757.7000000,1774.3000000,127983
20120921,000000,1774.3000000,1790.0000000,1771.7000000,1774.8000000,147680
20120923,000000,1774.6000000,1775.3000000,1759.2000000,1763.8000000,27237
20120924,000000,1763.6000000,1770.2000000,1757.9000000,1767.2000000,96616
20120925,000000,1767.4000000,1777.9000000,1761.0000000,1764.6000000,132820
20120926,000000,1764.6000000,1768.4000000,1738.3000000,1757.8000000,165988
20120927,000000,1757.7000000,1784.7000000,1753.6000000,1783.9000000,156275
20120928,000000,1784.1000000,1785.9000000,1769.5000000,1773.5000000,121718
20120930,000000,1773.4000000,1773.8000000,1765.7000000,1768.1000000,10237
20121001,000000,1768.1000000,1794.4000000,1767.2000000,1780.0000000,171843
20121002,000000,1779.8000000,1786.6000000,1772.3000000,1776.5000000,106224
20121003,000000,1776.7000000,1785.3000000,1773.7000000,1784.6000000,106573
20121004,000000,1784.5000000,1798.1000000,1782.7000000,1796.2000000,144978
20121005,000000,1795.8000000,1796.8000000,1774.5000000,1783.0000000,135492
20121007,000000,1781.9000000,1782.5000000,1768.2000000,1773.4000000,20287
20121008,000000,1773.3000000,1781.6000000,1768.3000000,1780.2000000,74581
20121009,000000,1780.1000000,1780.8000000,1762.2000000,1765.6000000,126467
20121010,000000,1765.6000000,1770.0000000,1758.5000000,1766.2000000,114313
20121011,000000,1766.1000000,1776.6000000,1764.7000000,1770.3000000,102199
20121012,000000,1770.2000000,1775.0000000,1753.5000000,1755.4000000,108459
20121014,000000,1755.2000000,1755.5000000,1742.6000000,1746.0000000,23062
20121015,000000,1746.0000000,1750.6000000,1729.7000000,1738.7000000,137302
20121016,000000,1738.5000000,1754.5000000,1738.0000000,1752.4000000,96606
20121017,000000,1752.5000000,1755.0000000,1744.0000000,1750.5000000,92784
20121018,000000,1750.5000000,1752.7000000,1736.8000000,1738.2000000,100269
20121019,000000,1738.4000000,1740.3000000,1716.0000000,1721.6000000,123100
20121021,000000,1721.8000000,1728.0000000,1714.4000000,1726.6000000,16695
20121022,000000,1726.9000000,1731.2000000,1722.4000000,1725.0000000,87617
20121023,000000,1724.8000000,1725.8000000,1704.6000000,1711.8000000,134863
20121024,000000,1711.8000000,1713.4000000,1698.7000000,1708.3000000,123047
20121025,000000,1708.1000000,1718.9000000,1704.9000000,1706.0000000,102557
20121026,000000,1705.9000000,1719.9000000,1701.4000000,1711.6000000,98725
20121028,000000,1712.4000000,1716.7000000,1710.8000000,1715.5000000,9256
20121029,000000,1715.4000000,1717.8000000,1705.2000000,1711.5000000,52444
20121030,000000,1711.8000000,1715.7000000,1708.6000000,1711.8000000,46881
20121031,000000,1711.7000000,1726.6000000,1711.4000000,1721.9000000,106756
20121101,000000,1721.9000000,1727.5000000,1707.4000000,1708.9000000,103587
20121102,000000,1709.0000000,1711.4000000,1674.8000000,1678.4000000,182026
20121104,000000,1677.5000000,1684.7000000,1676.0000000,1679.4000000,17457
20121105,000000,1679.3000000,1687.0000000,1672.5000000,1686.1000000,94154
20121106,000000,1686.1000000,1726.5000000,1684.2000000,1723.5000000,188014
20121107,000000,1723.6000000,1733.0000000,1703.0000000,1718.6000000,180172
20121108,000000,1718.5000000,1738.0000000,1712.6000000,1737.4000000,134061
20121109,000000,1737.4000000,1739.4000000,1726.9000000,1730.7000000,106303
20121111,000000,1731.7000000,1736.8000000,1731.7000000,1735.2000000,11736
20121112,000000,1735.3000000,1738.0000000,1721.2000000,1725.9000000,80248
20121113,000000,1725.8000000,1733.3000000,1717.6000000,1728.2000000,113630
20121114,000000,1728.1000000,1734.1000000,1720.5000000,1725.1000000,128627
20121115,000000,1725.1000000,1726.6000000,1704.5000000,1713.6000000,146759
20121116,000000,1713.6000000,1716.8000000,1705.6000000,1713.8000000,94789
20121118,000000,1714.5000000,1723.6000000,1713.4000000,1721.7000000,14108
20121119,000000,1721.6000000,1735.5000000,1721.2000000,1734.1000000,103641
20121120,000000,1734.1000000,1736.0000000,1718.4000000,1723.9000000,104340
20121121,000000,1724.0000000,1732.5000000,1722.4000000,1731.0000000,83347
20121122,000000,1731.0000000,1732.4000000,1727.6000000,1730.0000000,18587
20121123,000000,1730.0000000,1755.0000000,1730.0000000,1751.8000000,91339
20121125,000000,1751.5000000,1751.9000000,1747.3000000,1750.5000000,13870
20121126,000000,1750.4000000,1752.3000000,1746.0000000,1750.1000000,83345
20121127,000000,1750.1000000,1750.7000000,1738.4000000,1738.9000000,105206
20121128,000000,1738.9000000,1741.9000000,1705.5000000,1719.3000000,159661
20121129,000000,1719.2000000,1732.7000000,1717.7000000,1732.5000000,24185
20121130,000000,1732.4000000,1733.7000000,1710.2000000,1716.6000000,123451
20121202,000000,1716.6000000,1722.5000000,1716.3000000,1721.2000000,12122
20121203,000000,1721.2000000,1724.9000000,1698.5000000,1702.2000000,104142
20121204,000000,1702.4000000,1711.8000000,1692.6000000,1703.2000000,160143
20121205,000000,1703.3000000,1708.3000000,1686.0000000,1690.0000000,136799
20121206,000000,1690.1000000,1705.2000000,1687.1000000,1702.8000000,126264
20121207,000000,1702.9000000,1706.9000000,1684.1000000,1705.9000000,118021
20121209,000000,1704.8000000,1710.2000000,1703.3000000,1709.9000000,11635
20121210,000000,1710.0000000,1718.8000000,1708.2000000,1710.8000000,69910
20121211,000000,1710.6000000,1715.8000000,1706.0000000,1712.1000000,61127
20121212,000000,1712.0000000,1725.0000000,1695.5000000,1699.4000000,171568
20121213,000000,1699.4000000,1703.7000000,1690.7000000,1698.9000000,134176
20121214,000000,1699.0000000,1701.9000000,1694.0000000,1697.5000000,63287
20121216,000000,1698.9000000,1701.0000000,1690.0000000,1692.2000000,17992
20121217,000000,1692.2000000,1704.4000000,1687.5000000,1703.6000000,76697
20121218,000000,1703.7000000,1704.1000000,1662.0000000,1675.7000000,166187
20121219,000000,1675.8000000,1677.7000000,1664.2000000,1668.7000000,125672
20121220,000000,1668.8000000,1672.8000000,1636.0000000,1644.4000000,185894
20121221,000000,1644.3000000,1660.5000000,1644.3000000,1658.3000000,94676
20121223,000000,1657.6000000,1660.7000000,1652.7000000,1660.3000000,7552
20121224,000000,1660.3000000,1666.5000000,1657.4000000,1659.0000000,30100
20121225,000000,1657.5000000,1658.0000000,1650.6000000,1656.0000000,8571
20121226,000000,1656.0000000,1668.7000000,1653.9000000,1657.1000000,47061
20121227,000000,1656.9000000,1667.0000000,1653.1000000,1663.1000000,81438
20121228,000000,1662.9000000,1663.3000000,1654.1000000,1657.6000000,52930
20121230,000000,1656.0000000,1664.4000000,1655.9000000,1664.1000000,6569
20121231,000000,1664.2000000,1681.0000000,1657.1000000,1675.6000000,66270
20130101,000000,1674.3000000,1681.0000000,1670.9000000,1680.4000000,11517
20130102,000000,1680.5000000,1695.4000000,1680.1000000,1687.0000000,96587
20130103,000000,1687.0000000,1688.7000000,1645.6000000,1652.0000000,144732
20130104,000000,1652.2000000,1659.0000000,1626.0000000,1657.9000000,182970
20130106,000000,1656.5000000,1663.0000000,1655.9000000,1661.5000000,19651
20130107,000000,1661.5000000,1662.1000000,1642.6000000,1649.7000000,115633
20130108,000000,1649.7000000,1664.1000000,1647.6000000,1662.0000000,103528
20130109,000000,1662.1000000,1666.0000000,1651.3000000,1657.6000000,100468
20130110,000000,1657.6000000,1678.8000000,1657.6000000,1672.1000000,128586
20130111,000000,1672.2000000,1676.9000000,1653.1000000,1662.3000000,126505
20130113,000000,1659.6000000,1667.9000000,1659.5000000,1666.4000000,12161
20130114,000000,1666.5000000,1674.8000000,1663.9000000,1670.9000000,94654
20130115,000000,1670.9000000,1684.9000000,1670.3000000,1682.2000000,132572
20130116,000000,1682.2000000,1684.7000000,1673.0000000,1678.5000000,89440
20130117,000000,1678.5000000,1697.8000000,1666.4000000,1690.7000000,179097
20130118,000000,1690.7000000,1695.1000000,1683.3000000,1684.6000000,89842
20130120,000000,1686.2000000,1691.1000000,1684.8000000,1689.6000000,11253
20130121,000000,1689.7000000,1694.2000000,1685.5000000,1694.2000000,42700
20130122,000000,1694.2000000,1695.9000000,1686.3000000,1691.9000000,88384
20130123,000000,1691.8000000,1694.8000000,1677.0000000,1678.1000000,100887
20130124,000000,1678.2000000,1682.6000000,1662.6000000,1668.8000000,137347
20130125,000000,1668.8000000,1671.6000000,1655.0000000,1658.4000000,104054
20130127,000000,1658.3000000,1660.7000000,1657.2000000,1659.7000000,10902
20130128,000000,1659.7000000,1661.6000000,1651.0000000,1660.3000000,99605
20130129,000000,1660.4000000,1666.6000000,1658.7000000,1665.6000000,64296
20130130,000000,1665.6000000,1683.0000000,1661.8000000,1679.5000000,16300
20130131,000000,1679.5000000,1679.5000000,1657.4000000,1662.9000000,13923
20130201,000000,1662.9000000,1683.0000000,1661.2000000,1668.5000000,148436
20130203,000000,1669.1000000,1674.1000000,1665.1000000,1672.7000000,12615
20130204,000000,1672.7000000,1678.6000000,1661.6000000,1676.6000000,102389
20130205,000000,1676.5000000,1687.0000000,1666.5000000,1674.0000000,140356
20130206,000000,1674.0000000,1682.0000000,1668.8000000,1681.2000000,84858
20130207,000000,1681.2000000,1683.9000000,1663.4000000,1672.8000000,170464
20130208,000000,1672.8000000,1674.3000000,1665.8000000,1667.7000000,76917
20130210,000000,1667.8000000,1670.0000000,1666.8000000,1668.3000000,4254
20130211,000000,1668.3000000,1670.3000000,1643.0000000,1647.0000000,147834
20130212,000000,1647.1000000,1653.8000000,1639.5000000,1649.9000000,122355
20130213,000000,1650.0000000,1655.0000000,1640.5000000,1645.8000000,109502
20130214,000000,1645.8000000,1650.0000000,1630.1000000,1633.3000000,161117
20130215,000000,1633.3000000,1634.2000000,1596.7000000,1610.3000000,211744
20130217,000000,1609.6000000,1618.8000000,1608.7000000,1615.0000000,24035
20130218,000000,1615.0000000,1617.4000000,1606.7000000,1613.5000000,50013
20130219,000000,1613.4000000,1614.5000000,1600.2000000,1606.5000000,130513
20130220,000000,1606.5000000,1608.5000000,1554.3000000,1563.0000000,262898
20130221,000000,1562.9000000,1587.0000000,1562.6000000,1585.9000000,172852
20130222,000000,1585.9000000,1586.7000000,1569.3000000,1580.4000000,105827
20130224,000000,1579.5000000,1586.3000000,1574.7000000,1585.8000000,21504
20130225,000000,1585.8000000,1597.9000000,1583.5000000,1592.7000000,136558
20130226,000000,1592.7000000,1619.7000000,1583.7000000,1609.9000000,224874
20130227,000000,1609.9000000,1612.2000000,1591.4000000,1598.8000000,135038
20130228,000000,1598.8000000,1602.5000000,1574.3000000,1578.9000000,171249
20130301,000000,1578.9000000,1586.9000000,1564.0000000,1575.8000000,151781
20130303,000000,1577.7000000,1584.3000000,1575.6000000,1578.3000000,18826
20130304,000000,1578.3000000,1582.1000000,1568.7000000,1580.8000000,103236
20130305,000000,1580.9000000,1585.8000000,1571.1000000,1577.9000000,120509
20130306,000000,1577.9000000,1584.9000000,1566.4000000,1582.6000000,151703
20130307,000000,1582.6000000,1584.8000000,1574.0000000,1576.8000000,102537
20130308,000000,1576.7000000,1583.1000000,1560.4000000,1578.2000000,160490
20130310,000000,1578.3000000,1580.9000000,1574.5000000,1579.5000000,13210
20130311,000000,1579.7000000,1583.5000000,1575.3000000,1582.6000000,73709
20130312,000000,1582.8000000,1600.0000000,1580.7000000,1591.7000000,120758
20130313,000000,1591.8000000,1598.8000000,1582.3000000,1586.1000000,126703
20130314,000000,1586.1000000,1592.2000000,1575.2000000,1590.4000000,123462
20130315,000000,1590.3000000,1597.9000000,1589.0000000,1591.3000000,75583
20130317,000000,1596.7000000,1607.6000000,1589.6000000,1597.0000000,31748
20130318,000000,1597.1000000,1610.4000000,1594.4000000,1604.4000000,122476
20130319,000000,1604.5000000,1615.0000000,1599.0000000,1612.4000000,128626
20130320,000000,1612.4000000,1613.9000000,1599.6000000,1607.1000000,99734
20130321,000000,1607.1000000,1616.5000000,1606.2000000,1613.2000000,93126
20130322,000000,1613.3000000,1614.7000000,1602.6000000,1607.5000000,79770
20130324,000000,1608.6000000,1612.8000000,1601.5000000,1609.3000000,16112
20130325,000000,1609.7000000,1611.0000000,1588.4000000,1600.5000000,140295
20130326,000000,1600.5000000,1602.4000000,1593.4000000,1598.3000000,69588
20130327,000000,1598.2000000,1608.1000000,1590.3000000,1605.6000000,15546
20130328,000000,1605.0000000,1605.8000000,1593.6000000,1596.0000000,1696
20130331,000000,1596.8000000,1601.6000000,1594.8000000,1598.2000000,9322
20130401,000000,1598.4000000,1604.3000000,1595.0000000,1602.6000000,56146
20130402,000000,1602.5000000,1602.8000000,1563.1000000,1568.3000000,159017
20130403,000000,1568.3000000,1576.5000000,1541.2000000,1546.3000000,192037
20130404,000000,1545.2000000,1556.5000000,1539.4000000,1551.3000000,147258
20130405,000000,1551.2000000,1581.8000000,1549.3000000,1581.8000000,144021
20130407,000000,1580.9000000,1582.9000000,1575.2000000,1578.0000000,14902
20130408,000000,1577.8000000,1580.6000000,1566.6000000,1576.4000000,87385
20130409,000000,1576.1000000,1590.1000000,1570.3000000,1585.6000000,108159
20130410,000000,1585.6000000,1588.5000000,1553.0000000,1560.0000000,165232
20130411,000000,1559.9000000,1568.1000000,1554.3000000,1560.5000000,108527
20130412,000000,1560.4000000,1564.2000000,1476.0000000,1476.1000000,334272
20130414,000000,1481.0000000,1495.0000000,1422.2000000,1446.9000000,105398
20130415,000000,1446.9000000,1458.5000000,1321.5000000,1365.9000000,598069
20130416,000000,1365.3000000,1404.2000000,1357.1000000,1377.0000000,339630
20130417,000000,1376.4000000,1395.2000000,1335.6000000,1367.8000000,240245
20130418,000000,1367.9000000,1402.0000000,1363.1000000,1397.9000000,194814
20130419,000000,1397.7000000,1424.7000000,1391.4000000,1407.0000000,159066
20130421,000000,1408.3000000,1423.8000000,1403.5000000,1422.0000000,32883
20130422,000000,1422.5000000,1438.8000000,1417.5000000,1427.1000000,155819
20130423,000000,1427.0000000,1428.5000000,1404.0000000,1426.4000000,176365
20130424,000000,1426.7000000,1447.5000000,1418.3000000,1446.3000000,128985
20130425,000000,1446.5000000,1484.8000000,1441.4000000,1473.4000000,182468
20130426,000000,1473.5000000,1482.7000000,1447.3000000,1462.2000000,148734
20130428,000000,1465.8000000,1472.2000000,1461.6000000,1468.8000000,13931
20130429,000000,1469.1000000,1478.3000000,1462.3000000,1468.3000000,101947
20130430,000000,1468.9000000,1479.5000000,1460.5000000,1474.2000000,123846
20130501,000000,1474.3000000,1474.8000000,1439.7000000,1452.4000000,160996
20130502,000000,1452.7000000,1476.4000000,1451.2000000,1472.9000000,128084
20130503,000000,1472.8000000,1487.2000000,1455.4000000,1470.5000000,139256
20130505,000000,1470.0000000,1478.4000000,1467.0000000,1476.4000000,13379
20130506,000000,1475.8000000,1478.0000000,1458.6000000,1464.5000000,80040
20130507,000000,1464.7000000,1465.6000000,1440.4000000,1453.8000000,148623
20130508,000000,1453.9000000,1476.0000000,1449.0000000,1472.7000000,124397
20130509,000000,1472.7000000,1472.9000000,1451.6000000,1458.8000000,119646
20130510,000000,1458.9000000,1461.2000000,1418.5000000,1447.2000000,183158
20130512,000000,1448.1000000,1448.3000000,1424.7000000,1430.0000000,29422
20130513,000000,1430.1000000,1444.9000000,1425.5000000,1439.5000000,103090
20130514,000000,1439.5000000,1442.3000000,1419.7000000,1424.2000000,144312
20130515,000000,1423.7000000,1425.7000000,1385.6000000,1393.1000000,210872
20130516,000000,1393.7000000,1395.3000000,1368.0000000,1378.6000000,185207
20130517,000000,1378.4000000,1386.9000000,1353.6000000,1358.3000000,180761
20130519,000000,1362.7000000,1364.0000000,1336.3000000,1342.4000000,46352
20130520,000000,1342.0000000,1397.9000000,1340.3000000,1392.1000000,173562
20130521,000000,1392.2000000,1399.9000000,1358.0000000,1374.7000000,160301
20130522,000000,1374.5000000,1413.2000000,1353.1000000,1371.1000000,197331
20130523,000000,1370.6000000,1397.1000000,1368.7000000,1396.6000000,149839
20130524,000000,1395.9000000,1395.9000000,1381.1000000,1385.5000000,71260
20130526,000000,1387.7000000,1392.4000000,1383.0000000,1390.8000000,10436
20130527,000000,1391.2000000,1395.6000000,1385.6000000,1387.3000000,28583
20130528,000000,1386.7000000,1401.0000000,1372.1000000,1386.1000000,160943
20130529,000000,1386.4000000,1397.2000000,1380.1000000,1394.6000000,73697
20130530,000000,1394.7000000,1421.6000000,1394.1000000,1418.2000000,32732
20130531,000000,1417.2000000,1418.9000000,1384.2000000,1388.0000000,138014
20130602,000000,1389.1000000,1397.7000000,1388.3000000,1394.1000000,11565
20130603,000000,1394.2000000,1416.5000000,1390.0000000,1409.7000000,117877
20130604,000000,1409.9000000,1411.7000000,1388.1000000,1406.8000000,104653
20130605,000000,1407.5000000,1410.3000000,1395.1000000,1397.7000000,117879
20130606,000000,1397.3000000,1423.3000000,1391.2000000,1413.8000000,154967
20130607,000000,1414.1000000,1416.9000000,1377.1000000,1384.3000000,152104
20130609,000000,1382.7000000,1387.7000000,1377.4000000,1384.8000000,10973
20130610,000000,1385.0000000,1388.5000000,1375.1000000,1382.5000000,97971
20130611,000000,1382.5000000,1383.7000000,1364.5000000,1375.7000000,127639
20130612,000000,1375.8000000,1394.4000000,1372.2000000,1388.3000000,112409
20130613,000000,1388.5000000,1391.3000000,1373.0000000,1384.0000000,111230
20130614,000000,1384.3000000,1391.8000000,1377.8000000,1387.2000000,77569
