20100101,000000,79.5200000,79.6700000,79.3600000,79.3600000,228
20100104,000000,79.9400000,81.6800000,79.6600000,81.5600000,140935
20100105,000000,81.5600000,82.0000000,80.9500000,81.9100000,134538
20100106,000000,81.9100000,83.5000000,80.8500000,83.0400000,176119
20100107,000000,83.0500000,83.3600000,82.2600000,82.6100000,112614
20100108,000000,82.6100000,83.4700000,81.8000000,82.8600000,152239
20100109,000000,82.8600000,82.9600000,82.7500000,82.7500000,775
20100111,000000,83.4500000,84.4500000,82.5600000,82.7900000,26839
20100112,000000,82.7400000,83.0100000,80.6600000,80.8900000,35102
20100113,000000,80.8900000,81.1700000,78.8000000,80.0300000,42780
20100114,000000,80.0200000,80.7500000,79.3200000,79.7100000,41995
20100115,000000,79.6900000,79.8800000,78.0900000,78.3900000,70068
20100116,000000,78.3500000,78.4400000,78.3300000,78.3700000,288
20100118,000000,78.2300000,79.0300000,77.4000000,78.5800000,20428
20100119,000000,78.5200000,79.4700000,77.0600000,79.3800000,133869
20100120,000000,79.4000000,79.4000000,77.2800000,77.3300000,133477
20100121,000000,77.3300000,78.3100000,75.6600000,76.0200000,99128
20100122,000000,75.9700000,76.5000000,74.1200000,74.1600000,124151
20100123,000000,74.1500000,74.5400000,74.0100000,74.5400000,2118
20100125,000000,74.1600000,75.4200000,74.0600000,75.1400000,120215
20100126,000000,75.1100000,75.3900000,73.8200000,74.5100000,117820
20100127,000000,74.5000000,75.0900000,72.6500000,73.6500000,139912
20100128,000000,73.6500000,74.4900000,72.9300000,73.8000000,122100
20100129,000000,73.8100000,74.8200000,72.4300000,72.7800000,139487
20100130,000000,72.7800000,72.8900000,72.6100000,72.8900000,1304
20100201,000000,72.7000000,74.9600000,72.4900000,74.8800000,137105
20100202,000000,74.8800000,77.3800000,74.4000000,77.3600000,170555
20100203,000000,77.3600000,78.0400000,76.5300000,76.9200000,174202
20100204,000000,76.9000000,77.1700000,72.4200000,73.1300000,180316
20100205,000000,73.0800000,73.9300000,69.5000000,71.8800000,175438
20100206,000000,71.8800000,71.9300000,71.1900000,71.1900000,1429
20100208,000000,72.1800000,72.3900000,70.8000000,71.6400000,141830
20100209,000000,71.6700000,74.1500000,71.3200000,73.8600000,140922
20100210,000000,73.9000000,75.3000000,72.9900000,74.8700000,24970
20100211,000000,74.8800000,76.1300000,73.8000000,75.5700000,31222
20100212,000000,75.5500000,75.8100000,73.1000000,74.5500000,35478
20100213,000000,74.6400000,74.6600000,74.5000000,74.5000000,78
20100215,000000,74.1000000,74.7200000,74.0600000,74.3300000,6614
20100216,000000,74.4300000,77.6600000,74.3700000,77.5100000,53949
20100217,000000,77.5100000,78.2200000,76.9500000,77.9100000,46686
20100218,000000,77.9300000,79.5000000,76.7100000,79.4700000,77856
20100219,000000,79.4300000,80.2200000,78.1000000,80.2100000,147624
20100220,000000,80.2300000,80.3400000,80.0600000,80.0600000,1837
20100221,000000,80.4900000,80.7800000,80.1000000,80.4100000,6412
20100222,000000,80.3900000,80.6600000,79.6700000,80.0400000,113926
20100223,000000,80.0300000,80.3900000,78.2300000,79.2900000,151872
20100224,000000,79.2900000,80.4500000,78.2500000,79.5800000,134454
20100225,000000,79.5900000,79.7900000,77.0500000,78.4900000,161059
20100226,000000,78.5000000,80.0500000,77.8600000,79.6600000,136374
20100228,000000,79.7900000,80.6100000,79.6600000,80.2200000,8419
20100301,000000,80.2200000,80.6200000,78.0600000,78.5400000,165648
20100302,000000,78.5400000,80.9500000,78.2600000,79.7000000,155866
20100303,000000,79.7000000,81.2300000,79.5000000,80.5700000,141545
20100304,000000,80.5600000,81.0900000,79.7100000,80.7700000,132124
20100305,000000,80.7800000,82.0700000,80.4800000,81.5000000,135675
20100307,000000,81.7000000,82.0400000,81.7000000,81.9500000,3845
20100308,000000,81.9600000,82.4100000,80.7500000,81.4400000,139716
20100309,000000,81.4400000,81.9100000,80.1600000,81.3100000,135156
20100310,000000,81.6900000,83.3400000,81.1700000,82.2200000,26419
20100311,000000,82.2800000,82.6400000,81.6700000,82.5600000,20996
20100312,000000,82.5800000,83.4700000,80.8900000,81.5000000,34309
20100313,000000,81.4800000,81.7000000,81.3900000,81.5400000,287
20100315,000000,81.4100000,81.6400000,79.4300000,80.1900000,39213
20100316,000000,80.1800000,82.3200000,79.5900000,82.1900000,48560
20100317,000000,82.2000000,83.3600000,81.9700000,83.0500000,50536
20100318,000000,83.0500000,83.2100000,82.0100000,82.4400000,59661
20100319,000000,82.4200000,82.5400000,80.1400000,80.9400000,139094
20100320,000000,80.9400000,80.9700000,80.8700000,80.9700000,121
20100322,000000,80.9100000,81.8300000,78.8600000,81.7900000,181970
20100323,000000,81.7800000,82.2000000,80.8500000,81.6200000,131384
20100324,000000,81.6100000,81.9100000,79.9000000,80.3000000,146733
20100325,000000,80.3000000,81.4800000,80.1000000,80.2500000,121540
20100326,000000,80.2400000,81.4600000,79.5400000,80.1700000,150970
20100327,000000,80.1700000,80.2100000,80.0000000,80.0000000,161
20100329,000000,80.2000000,82.7800000,80.1800000,82.4300000,159482
20100330,000000,82.4500000,82.7400000,81.7900000,82.4000000,121978
20100331,000000,82.4200000,83.8500000,82.2200000,83.1500000,194811
20100401,000000,83.2300000,85.2200000,83.1600000,85.0800000,148116
20100402,000000,85.1200000,85.3700000,84.8700000,84.8700000,2460
20100405,000000,85.3000000,86.9000000,85.0600000,86.7900000,132637
20100406,000000,86.7800000,87.0900000,86.1300000,86.6800000,147711
20100407,000000,86.7000000,87.0000000,85.5300000,85.7100000,167325
20100408,000000,85.6800000,85.8800000,84.3800000,85.5500000,178198
20100409,000000,85.5400000,86.3700000,84.1300000,84.9000000,170513
20100410,000000,84.9000000,85.7400000,84.8800000,85.6300000,394
20100412,000000,85.8300000,86.4500000,84.9500000,85.1600000,34029
20100413,000000,85.1700000,85.4300000,83.7700000,85.0200000,52148
20100414,000000,85.0200000,87.1000000,84.7500000,86.8000000,51422
20100415,000000,86.8100000,87.2500000,86.2000000,86.7200000,57712
20100416,000000,86.7400000,86.7700000,83.9200000,84.4800000,85644
20100417,000000,84.4600000,84.6700000,84.3900000,84.6700000,914
20100419,000000,84.4000000,84.4600000,82.0500000,83.3800000,147083
20100420,000000,83.3900000,84.5200000,83.1300000,83.8500000,143550
20100421,000000,83.8400000,84.6400000,82.9300000,83.7800000,161019
20100422,000000,83.7800000,84.0700000,81.7400000,83.7700000,176637
20100423,000000,83.7700000,85.1800000,82.9400000,85.1400000,139636
20100424,000000,85.1400000,85.1400000,85.0300000,85.1200000,1132
20100426,000000,85.1700000,85.6300000,83.7800000,83.9700000,141475
20100427,000000,83.9500000,84.3300000,81.8100000,81.9500000,144082
20100428,000000,81.9400000,83.3600000,81.2900000,83.1200000,127851
20100429,000000,83.1300000,85.4600000,83.0100000,85.3300000,144118
20100430,000000,85.3300000,86.5000000,85.1700000,85.9600000,138861
20100501,000000,85.9800000,86.2500000,85.9500000,86.1500000,1879
20100503,000000,85.8800000,87.1500000,85.8300000,86.2100000,124403
20100504,000000,86.2200000,86.2400000,82.6500000,82.6700000,164282
20100505,000000,82.6300000,82.8300000,79.1700000,79.7100000,197765
20100506,000000,79.7200000,80.3900000,74.7000000,76.8100000,154234
20100507,000000,76.8300000,78.1900000,74.5200000,75.3400000,139983
20100508,000000,75.3300000,75.4500000,75.1100000,75.1100000,1257
20100510,000000,79.5000000,82.0800000,79.2100000,80.8900000,34739
20100511,000000,80.9200000,81.2400000,79.1000000,80.0200000,28845
20100512,000000,79.9700000,80.9500000,79.0600000,80.0400000,26680
20100513,000000,80.0400000,80.5900000,78.5100000,78.6000000,46920
20100514,000000,78.5800000,78.9900000,75.0600000,75.7000000,58424
20100515,000000,75.7000000,75.8200000,75.5400000,75.7700000,1045
20100517,000000,75.6300000,75.9400000,72.8200000,73.7500000,71868
20100518,000000,73.7400000,75.3400000,72.1700000,72.8400000,216141
20100519,000000,72.8200000,73.1800000,71.1100000,72.8900000,282527
20100520,000000,72.8900000,73.2800000,68.8600000,70.0800000,149626
20100521,000000,69.9700000,71.2300000,69.0000000,70.2300000,310894
20100522,000000,70.2100000,70.5900000,70.0800000,70.5500000,1006
20100524,000000,70.6200000,70.9600000,69.5700000,70.0400000,169401
20100525,000000,70.0500000,70.1200000,67.1500000,69.2900000,257405
20100526,000000,69.3000000,71.7000000,69.1500000,70.9600000,239335
20100527,000000,70.9400000,74.7500000,70.6600000,74.7500000,221288
20100528,000000,74.7300000,75.7200000,73.1300000,74.1100000,220268
20100529,000000,74.0900000,74.1400000,73.9700000,73.9700000,422
20100531,000000,73.9700000,74.6800000,73.8500000,74.4400000,10701
20100601,000000,74.4400000,75.3300000,71.6400000,72.2000000,261086
20100602,000000,72.2000000,73.9300000,71.6800000,73.5600000,229850
20100603,000000,73.5700000,74.9300000,72.3200000,74.5600000,268556
20100604,000000,74.5400000,75.4100000,70.7900000,71.1400000,279214
20100605,000000,71.1500000,71.5100000,70.7300000,71.5100000,1355
20100607,000000,70.5100000,72.4900000,69.5100000,70.9700000,220257
20100608,000000,71.0000000,72.4000000,70.7500000,72.3300000,204337
20100609,000000,72.3200000,74.9600000,71.9900000,73.9500000,224771
20100610,000000,73.9300000,77.3500000,73.7200000,76.9400000,39417
20100611,000000,76.9300000,77.1600000,74.7400000,75.8300000,34718
20100612,000000,75.8400000,75.8500000,75.3400000,75.7400000,304
20100614,000000,75.5900000,77.3300000,75.4000000,76.0500000,39840
20100615,000000,76.0400000,78.0700000,75.7100000,78.0400000,49449
20100616,000000,78.0600000,79.1700000,77.1700000,78.6900000,56662
20100617,000000,78.6600000,79.0700000,77.5600000,77.8600000,69739
20100618,000000,77.8800000,78.5500000,76.8600000,78.4600000,74458
20100619,000000,78.4400000,78.4700000,78.2600000,78.2600000,440
20100621,000000,78.6100000,79.9400000,77.7200000,78.2100000,153711
20100622,000000,78.2200000,78.9000000,77.3300000,77.5500000,182646
20100623,000000,77.5500000,77.8500000,75.1700000,75.8400000,260695
20100624,000000,75.8400000,76.5700000,75.3200000,76.2200000,201070
20100625,000000,76.2000000,79.1300000,75.9000000,79.0300000,248754
20100626,000000,79.0000000,79.1900000,78.8600000,78.8600000,1475
20100628,000000,78.9900000,79.3800000,77.7200000,77.9900000,154763
20100629,000000,77.9900000,78.3200000,75.2100000,75.6500000,244174
20100630,000000,75.6500000,76.8300000,74.3900000,75.2400000,263649
20100701,000000,75.2100000,75.6300000,72.0500000,72.7600000,292299
20100702,000000,72.7700000,73.3800000,71.6200000,72.2400000,189076
20100703,000000,72.2400000,72.3300000,72.1400000,72.1400000,436
20100705,000000,72.6600000,72.6900000,71.3400000,71.7500000,12723
20100706,000000,71.6700000,73.8600000,71.0900000,72.2500000,162872
20100707,000000,72.2600000,74.5600000,71.4400000,74.5100000,193814
20100708,000000,74.5100000,75.9500000,74.0700000,75.9100000,212259
20100709,000000,75.8900000,76.4800000,75.0000000,76.1900000,158619
20100710,000000,76.1900000,76.4600000,76.0900000,76.0900000,1158
20100712,000000,76.3000000,76.9100000,75.0300000,75.3800000,33700
20100713,000000,75.0500000,77.8000000,74.7000000,77.4900000,29746
20100714,000000,77.6100000,78.5500000,76.8300000,77.3600000,47397
20100715,000000,77.3500000,78.0500000,75.8000000,77.1900000,75092
20100716,000000,77.1700000,77.5300000,75.6200000,76.2600000,91467
20100717,000000,76.2600000,76.3800000,76.1300000,76.3800000,543
20100719,000000,76.0700000,78.1000000,75.8500000,76.9100000,209489
20100720,000000,76.9100000,77.9000000,76.0000000,77.7600000,214254
20100721,000000,77.7600000,78.5700000,76.2000000,76.4000000,250441
20100722,000000,76.4000000,79.4200000,76.1600000,79.0800000,276963
20100723,000000,79.0800000,79.6000000,78.4000000,79.0300000,197089
20100724,000000,79.0300000,79.0800000,78.8500000,78.9800000,778
20100726,000000,78.9800000,79.3300000,78.0600000,78.9500000,174351
20100727,000000,78.9500000,79.6900000,76.7900000,77.2900000,307962
20100728,000000,77.2900000,77.7700000,75.9000000,77.0900000,219421
20100729,000000,77.1200000,79.2200000,76.4500000,78.1400000,260794
20100730,000000,78.1400000,79.4800000,76.8300000,79.3500000,232527
20100801,000000,79.1500000,79.3500000,78.8300000,79.1200000,4294
20100802,000000,79.1100000,82.1400000,79.1000000,81.3600000,219470
20100803,000000,81.3600000,82.8900000,81.1100000,82.0600000,210668
20100804,000000,82.0600000,83.3300000,81.6200000,82.0500000,209948
20100805,000000,82.0600000,82.7000000,81.5600000,82.1600000,151579
20100806,000000,82.1600000,82.6700000,80.0400000,81.1600000,282909
20100808,000000,80.9500000,81.1300000,80.7700000,81.1300000,2418
20100809,000000,81.1300000,82.1200000,80.7100000,81.0300000,146933
20100810,000000,81.0200000,81.2000000,79.6400000,80.5700000,40556
20100811,000000,80.5800000,80.9900000,78.0600000,78.0700000,36695
20100812,000000,78.0600000,78.4900000,75.9000000,76.2400000,52783
20100813,000000,76.2400000,77.1200000,75.4100000,75.9500000,34776
20100814,000000,75.9600000,76.0800000,75.7700000,75.7700000,359
20100816,000000,75.8800000,76.3400000,75.2300000,75.5200000,38708
20100817,000000,75.5200000,77.0300000,75.3900000,76.0800000,67507
20100818,000000,76.0700000,76.1800000,74.1900000,75.6900000,144912
20100819,000000,75.6800000,76.4700000,74.3200000,74.7200000,170192
20100820,000000,74.7400000,74.9900000,73.4400000,74.0000000,171349
20100821,000000,74.0000000,74.1000000,73.8200000,73.8200000,889
20100823,000000,73.9000000,74.4700000,72.7500000,72.9000000,189340
20100824,000000,72.9000000,73.1000000,71.3200000,71.3900000,230618
20100825,000000,71.3900000,72.7700000,70.7600000,72.7300000,254744
20100826,000000,72.7300000,73.9800000,72.5200000,73.3000000,251751
20100827,000000,73.3200000,75.4300000,72.0400000,75.4200000,310553
20100828,000000,75.4200000,75.5900000,75.1700000,75.1700000,2099
20100830,000000,75.5000000,76.0600000,74.1700000,74.2500000,149925
20100831,000000,74.2400000,75.7000000,71.5300000,71.7200000,283213
20100901,000000,71.7300000,75.4700000,71.5800000,74.0000000,251457
20100902,000000,73.9900000,75.3000000,73.1100000,75.0200000,212126
20100903,000000,75.0200000,76.5800000,73.2000000,74.3500000,258968
20100904,000000,74.3600000,74.6000000,74.2900000,74.6000000,334
20100906,000000,74.3000000,75.9800000,73.8000000,74.0800000,14202
20100907,000000,74.0000000,75.4100000,72.6300000,73.6700000,251637
20100908,000000,73.6700000,76.4400000,73.3700000,74.5200000,221754
20100909,000000,74.5600000,77.4000000,73.8800000,74.0400000,219500
20100910,000000,74.0500000,77.5700000,73.9500000,77.3900000,62941
20100911,000000,77.3700000,77.4000000,77.2200000,77.3700000,395
20100913,000000,77.4000000,78.7800000,77.4000000,78.0100000,51199
20100914,000000,78.0000000,78.8600000,77.2800000,77.7000000,70151
20100915,000000,77.7300000,77.7300000,76.0400000,77.0600000,51895
20100916,000000,76.5200000,76.7900000,75.3300000,76.1900000,74484
20100917,000000,76.1900000,76.7000000,74.1000000,74.9200000,116958
20100919,000000,74.8700000,75.3800000,74.8200000,75.2300000,3517
20100920,000000,75.2400000,76.7700000,74.5800000,75.9500000,185339
20100921,000000,75.9400000,76.3700000,74.6500000,75.2200000,187191
20100922,000000,75.2200000,76.0000000,73.8400000,74.7400000,226222
20100923,000000,74.7400000,75.6100000,73.5800000,74.9600000,204895
20100924,000000,74.9500000,76.6800000,74.7300000,76.4900000,187377
20100926,000000,76.4700000,76.8500000,76.4000000,76.4900000,4010
20100927,000000,76.4800000,77.1700000,75.5200000,76.1300000,190972
20100928,000000,76.1400000,77.1200000,75.5300000,76.5700000,228060
20100929,000000,76.5800000,78.1300000,75.6000000,77.6600000,285259
20100930,000000,77.6700000,80.4300000,77.5500000,80.4000000,300561
20101001,000000,80.3900000,81.7500000,80.3400000,81.7300000,227594
20101003,000000,81.6800000,81.8700000,81.4500000,81.4900000,3108
20101004,000000,81.4900000,82.3800000,80.7700000,81.5200000,209681
20101005,000000,81.5200000,82.9900000,81.2700000,82.8900000,197253
20101006,000000,82.8900000,84.0900000,82.2900000,83.6000000,234576
20101007,000000,83.5800000,84.4300000,81.0000000,81.7800000,298370
20101008,000000,81.7800000,83.1300000,80.3000000,82.8400000,255585
20101010,000000,82.9500000,83.4900000,82.8800000,83.4400000,4598
20101011,000000,83.4300000,83.5000000,81.5500000,81.6800000,121332
20101012,000000,81.6800000,82.3300000,80.8800000,82.2400000,199622
20101013,000000,82.2400000,84.4400000,82.1000000,84.4000000,178999
20101014,000000,84.4000000,84.8000000,82.8900000,83.3900000,73062
20101015,000000,83.3900000,83.9800000,81.4100000,82.1200000,95868
20101017,000000,82.2300000,82.2300000,81.1800000,81.4200000,4191
20101018,000000,81.4200000,83.9500000,81.0100000,83.2900000,151479
20101019,000000,83.2800000,83.6400000,79.8400000,80.7800000,347997
20101020,000000,80.7700000,82.7000000,80.1600000,81.9400000,289542
20101021,000000,81.9500000,82.5900000,80.0900000,81.1500000,273468
20101022,000000,81.1400000,82.0700000,80.4100000,81.9100000,185401
20101024,000000,81.9800000,82.5400000,81.7300000,82.4200000,8354
20101025,000000,82.4200000,83.2800000,81.4500000,82.1100000,258219
20101026,000000,82.1000000,82.8800000,81.8100000,82.1800000,193276
20101027,000000,82.1700000,82.3000000,80.5200000,81.9200000,262713
20101028,000000,81.9100000,82.6400000,81.5000000,81.6800000,221242
20101029,000000,81.6900000,82.8000000,80.5600000,81.4500000,233102
20101031,000000,81.4100000,81.9600000,81.3200000,81.8200000,5886
20101101,000000,81.8200000,83.8600000,81.6500000,83.3600000,270298
20101102,000000,83.3700000,84.5000000,83.0600000,84.2100000,189340
20101103,000000,84.1900000,85.3600000,83.5700000,85.3400000,290843
20101104,000000,85.3400000,87.2200000,85.2400000,87.1600000,224295
20101105,000000,87.1700000,87.4300000,85.9600000,87.4000000,210978
20101107,000000,87.3600000,87.4900000,86.8000000,87.0700000,8175
20101108,000000,87.0400000,87.1400000,85.9600000,86.8600000,208434
20101109,000000,86.8700000,87.6300000,85.4800000,86.5100000,246629
20101110,000000,86.5100000,88.3600000,86.1000000,88.3300000,310145
20101111,000000,88.3300000,88.6300000,86.2000000,86.2800000,207420
20101112,000000,86.2600000,87.2300000,85.0000000,85.1900000,90786
20101114,000000,85.2500000,85.9100000,85.1900000,85.2100000,2621
20101115,000000,85.2200000,86.2200000,84.7000000,84.9000000,51586
20101116,000000,84.9000000,85.0100000,82.5300000,82.8800000,111063
20101117,000000,82.8600000,82.9900000,80.6500000,81.9200000,210811
20101118,000000,81.9300000,83.1000000,81.7500000,82.1000000,227931
20101119,000000,82.1000000,83.3200000,81.0800000,81.8600000,226006
20101121,000000,82.1600000,82.7500000,82.0300000,82.6800000,9052
20101122,000000,82.6600000,82.8700000,80.6800000,81.1400000,222948
20101123,000000,81.1300000,81.9700000,80.2800000,81.7300000,268548
20101124,000000,81.7300000,84.3800000,81.1600000,83.7100000,257125
20101125,000000,83.7000000,84.5300000,83.4500000,83.6000000,33415
20101126,000000,83.6000000,84.0200000,82.7800000,83.8700000,99787
20101128,000000,83.9000000,84.4600000,83.6500000,84.3200000,8702
20101129,000000,84.3200000,85.9000000,83.5900000,85.2000000,257943
20101130,000000,85.2000000,85.7200000,83.5500000,84.4300000,250761
20101201,000000,84.4400000,86.9500000,84.3500000,86.6900000,239164
20101202,000000,86.7700000,88.1300000,86.2900000,87.6900000,213250
20101203,000000,87.7100000,89.4900000,87.1400000,89.4400000,242360
20101205,000000,89.4300000,89.6000000,89.1300000,89.3700000,7064
20101206,000000,89.3600000,89.7600000,88.5600000,89.1200000,178253
20101207,000000,89.1200000,90.7600000,87.6200000,87.6500000,288683
20101208,000000,87.6400000,89.2000000,87.3300000,89.1300000,222253
20101209,000000,89.1300000,89.4200000,87.7100000,89.1000000,203582
20101210,000000,89.1000000,89.4800000,87.6200000,88.3400000,26033
20101213,000000,88.8700000,90.0000000,88.3800000,89.0200000,30756
20101214,000000,89.0000000,89.5000000,88.1000000,88.4500000,36950
20101215,000000,88.4200000,89.6700000,87.4300000,89.0700000,82125
20101216,000000,89.0700000,89.2900000,88.3400000,88.8200000,72463
20101217,000000,88.8300000,89.2000000,87.7100000,88.7700000,119170
20101219,000000,88.7800000,89.0600000,88.3400000,88.6600000,5700
20101220,000000,88.6700000,89.7700000,87.7300000,89.4800000,164908
20101221,000000,89.4800000,90.1000000,89.0600000,89.9100000,125999
20101222,000000,89.9200000,90.8000000,89.8700000,90.6800000,119158
20101223,000000,90.6600000,91.6300000,90.3300000,91.4100000,94508
20101226,000000,91.0000000,91.5000000,90.7900000,91.4500000,6322
20101227,000000,91.4400000,91.8800000,90.5100000,91.1300000,72280
20101228,000000,91.1500000,91.6700000,90.9300000,91.4500000,67083
20101229,000000,91.4500000,91.5300000,90.8000000,91.2300000,77134
20101230,000000,91.2200000,91.4000000,89.0200000,89.7200000,146463
20101231,000000,89.7100000,92.0600000,89.0500000,91.4000000,116219
20110102,000000,91.2500000,91.8500000,91.2100000,91.6900000,4527
20110103,000000,91.7100000,92.5800000,91.2900000,91.5800000,125857
20110105,000000,89.0100000,90.8400000,88.1000000,90.3400000,296980
20110106,000000,90.3400000,90.4700000,87.8500000,88.5900000,271522
20110107,000000,88.6000000,89.4800000,87.2500000,88.4800000,263703
20110109,000000,89.0000000,89.9800000,88.8000000,88.9200000,13901
20110110,000000,88.9100000,89.7600000,88.1300000,89.3000000,250814
20110111,000000,89.2800000,91.3900000,88.9300000,91.2700000,234109
20110112,000000,91.2700000,92.3900000,90.7900000,91.9100000,228100
20110113,000000,91.9300000,92.3700000,90.7500000,91.1600000,206476
20110114,000000,91.1700000,91.6900000,90.1000000,91.6700000,185911
20110116,000000,92.5400000,92.6800000,92.1800000,92.2300000,1162
20110117,000000,92.2300000,92.3300000,91.6400000,92.0200000,12957
20110118,000000,92.0200000,92.8900000,91.4600000,92.4600000,133075
20110119,000000,92.4700000,93.0200000,91.3100000,91.7000000,211465
20110120,000000,91.6900000,91.7400000,88.9000000,89.5300000,294775
20110121,000000,89.5300000,90.2200000,88.8700000,89.1000000,188011
20110123,000000,89.2800000,89.6000000,88.9600000,89.5600000,6244
20110124,000000,89.5600000,89.6300000,87.2700000,87.5100000,243566
20110125,000000,87.5100000,87.8500000,86.1200000,86.4000000,238302
20110126,000000,86.4100000,87.7900000,86.0300000,87.1900000,230550
20110127,000000,87.1900000,87.3900000,85.1100000,85.5400000,233641
20110128,000000,85.5400000,89.7300000,85.4100000,89.4900000,381495
20110130,000000,89.6700000,90.8700000,89.3800000,89.5600000,21685
20110131,000000,89.5400000,92.8400000,88.4000000,92.0500000,296016
20110201,000000,92.0500000,92.4500000,90.3300000,90.5500000,272068
20110202,000000,90.5400000,91.7800000,90.1000000,91.4800000,210149
20110203,000000,91.4700000,92.0500000,90.0000000,90.8600000,203229
20110204,000000,90.8800000,91.6700000,88.4500000,89.1200000,250781
20110206,000000,89.2000000,89.5400000,88.9000000,89.2900000,5301
20110207,000000,89.3000000,89.4400000,87.1700000,87.5200000,192397
20110208,000000,87.5100000,88.1100000,85.8800000,87.4300000,253248
20110209,000000,87.4200000,87.9500000,86.3600000,86.9600000,219765
20110210,000000,86.9600000,87.9000000,85.9600000,87.2000000,251296
20110211,000000,87.2000000,87.7000000,85.1000000,85.2800000,201152
20110213,000000,89.5000000,89.5100000,89.0000000,89.3600000,1501
20110214,000000,89.3500000,90.4000000,88.5000000,89.1000000,58912
20110215,000000,89.0900000,89.5700000,87.1000000,87.8500000,76082
20110216,000000,87.8400000,88.7700000,87.0900000,87.9700000,104957
20110217,000000,87.9400000,89.2500000,87.3500000,88.8800000,137749
20110218,000000,88.8800000,90.9600000,88.4300000,89.8100000,212461
20110220,000000,90.2000000,91.7000000,90.1600000,91.4000000,11336
20110221,000000,91.4000000,98.4800000,91.3100000,97.2700000,109967
20110222,000000,97.2600000,98.2300000,93.5000000,95.4700000,363829
20110223,000000,95.4700000,100.0000000,95.4400000,98.9800000,378946
20110224,000000,98.9800000,103.4100000,95.6200000,97.3900000,405430
20110225,000000,97.4100000,99.2000000,96.1700000,98.2300000,218463
20110227,000000,98.4000000,99.9600000,98.3700000,99.5300000,13862
20110228,000000,99.5100000,99.6200000,96.3700000,97.4500000,179279
20110301,000000,97.4500000,100.6900000,96.8200000,100.3300000,237120
20110302,000000,100.3300000,102.9400000,99.2100000,101.5200000,314388
20110303,000000,101.5500000,102.4900000,100.1500000,102.0900000,274855
20110304,000000,102.0900000,105.1700000,102.0500000,104.9100000,256011
20110306,000000,104.5500000,106.3900000,104.2500000,106.0000000,25354
20110307,000000,106.0000000,106.9500000,104.4700000,104.7300000,267269
20110308,000000,104.7400000,105.7900000,103.3300000,104.4500000,276577
20110309,000000,104.4200000,105.9200000,103.9000000,104.7900000,196132
20110310,000000,104.8000000,105.0600000,100.6200000,101.8400000,296508
20110311,000000,101.8200000,102.3000000,99.0100000,100.5900000,221958
20110314,000000,101.0700000,102.8400000,99.7000000,100.0300000,45476
20110315,000000,100.0800000,100.9200000,97.0200000,97.9300000,80407
20110316,000000,97.9300000,100.5700000,97.6200000,99.2200000,96094
20110317,000000,99.1800000,104.5400000,99.0700000,104.1200000,76819
20110318,000000,104.1500000,104.4100000,101.0100000,102.5000000,134662
20110320,000000,103.0200000,104.2700000,103.0000000,103.7300000,15629
20110321,000000,103.7600000,104.1400000,102.6000000,102.9500000,153742
20110322,000000,102.9500000,105.3800000,102.1000000,104.7400000,226656
20110323,000000,104.7400000,106.3400000,104.3800000,105.4500000,182271
20110324,000000,105.4500000,106.6900000,104.7600000,105.6600000,192912
20110325,000000,105.6500000,105.9500000,104.5000000,105.5200000,181348
20110327,000000,105.5800000,105.7600000,105.0000000,105.1600000,5840
20110328,000000,105.1700000,105.2800000,103.1800000,103.8400000,178323
20110329,000000,103.8400000,105.0000000,102.7000000,104.5700000,192290
20110330,000000,104.5600000,105.1500000,103.4400000,104.5900000,181410
20110331,000000,104.6000000,107.6500000,104.5100000,107.0000000,202719
20110401,000000,107.0000000,108.4700000,106.3000000,108.3100000,200122
20110404,000000,108.4700000,108.7800000,107.5800000,108.0700000,154472
20110405,000000,108.0900000,108.6000000,107.5000000,108.1200000,148232
20110406,000000,108.1200000,109.1500000,107.9300000,108.3100000,175081
20110407,000000,108.3100000,111.1900000,108.2500000,111.1500000,218019
20110408,000000,111.1500000,113.2100000,111.0400000,113.0500000,182476
20110410,000000,113.9000000,114.0500000,112.9000000,113.4600000,2604
20110411,000000,113.4500000,113.6800000,108.5000000,109.0400000,43369
20110412,000000,109.0000000,110.8600000,106.1400000,107.1600000,72088
20110413,000000,107.1500000,108.1700000,105.9800000,107.7900000,66256
20110414,000000,107.7600000,109.3000000,106.4300000,108.8400000,77480
20110415,000000,108.8400000,110.6700000,107.7700000,109.9900000,99475
20110417,000000,109.9400000,110.0000000,109.3100000,109.6700000,5136
20110418,000000,109.6700000,109.7400000,107.0300000,107.1400000,203558
20110419,000000,107.1500000,109.2000000,106.0100000,109.1300000,247106
20110420,000000,109.1500000,112.4000000,108.9500000,112.1100000,233366
20110421,000000,112.1300000,112.4800000,111.0000000,112.3500000,172280
20110424,000000,112.3200000,113.0700000,111.7600000,112.6100000,7633
20110425,000000,112.6300000,113.4800000,111.0800000,111.3200000,162093
20110426,000000,111.3200000,112.6400000,111.2400000,112.4400000,167733
20110427,000000,112.4400000,113.7000000,110.7100000,113.4600000,267160
20110428,000000,113.4800000,113.9700000,111.6900000,112.4500000,227041
20110429,000000,112.4600000,114.1800000,112.2500000,113.7300000,140124
20110501,000000,113.9400000,114.1400000,112.2100000,112.6400000,20687
20110502,000000,112.6000000,114.8300000,110.8200000,113.0200000,233585
20110503,000000,113.0100000,113.1200000,110.2300000,110.7700000,246051
20110504,000000,110.8000000,111.2200000,108.4300000,108.9400000,268523
20110505,000000,108.9500000,109.3800000,98.2500000,100.0400000,564451
20110506,000000,100.0600000,102.3800000,94.6300000,98.0600000,450465
20110508,000000,98.1900000,98.9900000,97.4200000,98.9600000,18007
20110509,000000,98.9800000,103.6000000,98.5800000,101.4200000,282297
20110510,000000,101.4200000,104.5400000,100.6800000,104.5000000,37775
20110511,000000,104.5300000,104.9900000,98.0700000,100.0800000,55897
20110512,000000,100.0700000,101.0000000,95.7800000,98.9400000,69664
20110513,000000,98.9400000,101.2100000,97.6000000,99.8200000,48411
20110515,000000,99.8400000,99.9800000,98.8400000,98.8800000,1673
20110516,000000,98.9000000,100.1200000,97.1900000,97.6900000,75722
20110517,000000,97.7000000,98.4600000,95.5400000,98.2000000,114735
20110518,000000,98.2100000,101.4200000,98.0500000,100.7000000,162253
20110519,000000,100.7000000,101.2400000,98.6300000,99.3100000,212455
20110520,000000,99.3000000,100.4200000,96.3500000,99.9100000,292768
20110522,000000,99.6300000,100.0400000,98.5000000,98.6300000,8091
20110523,000000,98.6000000,98.6100000,96.3700000,98.4000000,242778
20110524,000000,98.3900000,100.0900000,97.8500000,98.8500000,268824
20110525,000000,98.8400000,101.9000000,98.2000000,101.6100000,282455
20110526,000000,101.6100000,101.7800000,99.6100000,100.8500000,233513
20110527,000000,100.8400000,101.2400000,100.1000000,100.7500000,145527
20110529,000000,100.7800000,100.8000000,100.3100000,100.3300000,1849
20110530,000000,100.3300000,101.4500000,99.6000000,101.0500000,20341
20110531,000000,101.0500000,103.3900000,101.0000000,102.9000000,215866
20110601,000000,102.9000000,103.3100000,99.6200000,99.7500000,286179
20110602,000000,99.7300000,100.9300000,98.4600000,100.3900000,277187
20110603,000000,100.3900000,100.6400000,98.1200000,100.5700000,246066
20110605,000000,100.4500000,100.6800000,99.9500000,100.0700000,5899
20110606,000000,100.0800000,100.3000000,98.3300000,98.4800000,213000
20110607,000000,98.4900000,99.7900000,97.7400000,98.6700000,280952
20110608,000000,98.6800000,101.8900000,98.0200000,101.2100000,334736
20110609,000000,101.2200000,102.6200000,100.7600000,102.1700000,205853
20110610,000000,102.2100000,102.2500000,99.1600000,99.5000000,28746
20110612,000000,99.5000000,99.8800000,99.2600000,99.3000000,542
20110613,000000,99.2700000,99.7500000,96.6900000,97.7000000,39057
20110614,000000,97.6800000,100.1300000,97.0100000,99.4000000,41752
20110615,000000,99.4200000,100.3900000,94.4700000,95.6800000,102997
20110616,000000,95.6700000,96.2000000,94.5700000,94.6900000,75250
20110617,000000,94.6700000,95.0400000,92.2300000,93.2900000,120822
20110619,000000,93.3000000,93.5000000,91.7800000,91.8400000,6896
20110620,000000,91.8400000,94.4000000,91.5100000,94.1900000,184159
20110621,000000,94.2100000,95.1000000,92.8800000,93.4000000,244883
20110622,000000,93.4000000,95.7000000,93.2400000,94.2300000,222356
20110623,000000,94.2200000,94.3300000,89.6900000,92.1900000,360641
20110624,000000,92.2000000,92.2800000,89.8200000,91.2300000,254189
20110626,000000,91.1300000,91.3000000,90.2000000,90.2100000,7621
20110627,000000,90.2100000,91.4100000,89.6100000,90.8600000,212630
20110628,000000,90.8800000,93.4000000,90.4400000,92.7300000,209792
20110629,000000,92.7400000,95.8400000,92.6800000,95.4300000,276409
20110630,000000,95.4300000,95.8200000,93.8800000,94.7100000,209645
20110701,000000,94.7000000,95.3900000,93.4500000,94.7500000,195484
20110703,000000,94.9700000,95.4700000,94.7500000,95.4200000,2343
20110704,000000,95.4200000,95.4300000,94.7000000,94.7200000,17353
20110705,000000,94.7100000,97.7000000,94.3400000,97.6700000,199616
20110706,000000,97.6900000,97.7900000,95.9000000,97.2500000,218775
20110707,000000,97.2700000,99.4200000,97.0000000,98.4900000,252328
20110708,000000,98.4800000,99.1800000,95.6000000,96.4800000,230168
20110710,000000,96.6300000,96.9300000,96.1500000,96.2400000,1148
20110711,000000,96.2500000,96.4200000,94.6500000,95.0700000,21706
20110712,000000,95.0500000,97.9300000,94.0200000,97.4000000,32270
20110713,000000,97.4000000,99.6100000,96.9700000,98.1000000,32645
20110714,000000,98.1500000,99.3000000,94.9800000,96.2500000,54400
20110715,000000,96.2300000,98.1200000,95.6300000,97.8300000,51956
20110717,000000,97.7200000,98.0500000,97.3300000,97.5500000,3080
20110718,000000,97.5100000,97.6900000,95.0500000,96.5100000,98256
20110719,000000,96.5200000,98.9800000,96.2500000,98.6500000,195353
20110720,000000,98.6400000,99.3700000,96.9300000,98.4300000,217508
20110721,000000,98.4300000,100.1600000,97.2000000,99.6200000,212891
20110722,000000,99.6200000,100.1900000,98.4300000,99.8100000,166876
20110724,000000,99.7300000,99.8700000,98.7400000,98.8800000,7425
20110725,000000,98.8800000,99.7700000,98.5200000,99.5200000,147476
20110726,000000,99.5200000,100.6200000,97.7700000,99.4600000,256912
20110727,000000,99.4600000,99.5000000,96.5100000,97.1400000,241067
20110728,000000,97.1300000,98.0100000,96.8000000,97.0800000,186088
20110729,000000,97.0600000,97.1000000,94.9500000,95.8600000,214506
20110731,000000,96.2200000,97.2900000,96.1800000,96.8900000,9054
20110801,000000,96.8900000,98.6000000,93.4200000,94.6600000,314132
20110802,000000,94.6600000,95.6800000,93.0800000,93.4900000,251026
20110803,000000,93.4800000,93.7500000,91.2200000,91.6500000,277233
20110804,000000,91.6300000,92.0500000,85.2300000,85.6000000,409855
20110805,000000,85.5900000,88.3200000,82.8700000,87.2600000,342279
20110807,000000,85.6700000,85.7300000,83.5500000,83.8800000,25330
20110808,000000,83.8900000,85.0400000,75.7100000,78.7800000,410245
20110809,000000,78.7700000,83.0500000,77.2800000,82.2100000,400643
20110810,000000,82.1600000,83.4600000,79.9200000,82.8400000,31802
20110811,000000,82.8800000,86.2900000,81.4000000,84.9900000,36911
20110812,000000,85.0500000,87.7100000,84.3400000,85.6300000,29335
20110814,000000,85.8300000,85.9500000,85.2400000,85.7500000,827
20110815,000000,85.6900000,88.3100000,84.7100000,87.6200000,26264
20110816,000000,87.6000000,88.1200000,85.8600000,87.5000000,47765
20110817,000000,87.4900000,89.1900000,87.0300000,87.2300000,63063
20110818,000000,87.2400000,87.5000000,80.7900000,81.3300000,170251
20110819,000000,81.3300000,83.7800000,79.3800000,82.8900000,294785
20110821,000000,82.2700000,83.3500000,81.5700000,82.0600000,15621
20110822,000000,82.0500000,85.2500000,81.1800000,85.0300000,281726
20110823,000000,85.0300000,86.3900000,83.4000000,85.6200000,273859
20110824,000000,85.6100000,86.5900000,84.5500000,85.0800000,235623
20110825,000000,85.0900000,86.5600000,83.0100000,85.0100000,293505
20110826,000000,85.0100000,85.6400000,82.9600000,85.5500000,234075
20110828,000000,85.2900000,85.7200000,85.1100000,85.4800000,3930
20110829,000000,85.4400000,87.7200000,85.3600000,87.4000000,153013
20110830,000000,87.3900000,89.2100000,86.4600000,88.5400000,211762
20110831,000000,88.5500000,89.5400000,87.6700000,89.0200000,200062
20110901,000000,89.0400000,89.9000000,88.2100000,88.7500000,190607
20110902,000000,88.7500000,88.8300000,85.4200000,86.6500000,237538
20110904,000000,86.4600000,86.5000000,85.6100000,85.6700000,3839
20110905,000000,85.6500000,85.6900000,83.2000000,83.5600000,37560
20110906,000000,83.5500000,86.6000000,83.2900000,86.3300000,209503
20110907,000000,86.3400000,90.4800000,86.3200000,89.6700000,225637
20110908,000000,89.6800000,90.2300000,88.3600000,89.1900000,227876
20110909,000000,89.2000000,89.3600000,85.6400000,87.1600000,245854
20110911,000000,86.8100000,87.0000000,85.8100000,85.8900000,715
20110912,000000,85.8600000,89.3000000,85.1700000,89.0500000,23648
20110913,000000,89.0600000,90.6000000,87.9400000,89.0900000,32206
20110914,000000,89.0000000,90.0300000,88.2900000,88.5200000,36368
20110915,000000,88.5300000,90.2900000,88.1400000,89.7300000,48840
20110916,000000,89.7300000,89.9300000,87.2200000,88.0900000,93496
20110918,000000,87.6800000,87.8000000,86.8200000,86.8800000,6830
20110919,000000,86.8900000,87.4800000,84.9000000,85.7800000,203423
20110920,000000,85.7800000,87.6800000,85.5900000,86.7600000,203883
20110921,000000,86.7500000,87.9900000,84.0500000,84.5100000,250241
20110922,000000,84.4900000,84.5900000,79.6600000,80.5700000,385587
20110923,000000,80.6000000,81.6000000,77.5500000,79.9600000,313111
20110925,000000,79.7500000,80.8500000,79.3500000,79.4200000,14101
20110926,000000,79.4000000,82.2400000,77.1100000,81.6200000,269354
20110927,000000,81.6400000,84.7700000,81.6200000,83.0600000,255743
20110928,000000,83.0400000,84.6200000,79.6400000,81.3500000,242380
20110929,000000,81.3400000,83.9800000,81.1200000,82.5400000,269076
20110930,000000,82.5600000,82.9900000,78.5300000,78.7500000,253246
20111002,000000,78.9300000,78.9300000,77.9000000,78.2300000,9502
20111003,000000,78.2300000,79.6400000,75.9200000,76.7200000,303227
20111004,000000,76.7000000,78.4600000,74.9500000,77.9800000,311079
20111005,000000,78.0000000,79.9100000,76.9400000,79.5000000,262642
20111006,000000,79.5300000,83.0800000,79.0800000,82.6400000,284222
20111007,000000,82.6500000,84.0000000,81.3600000,82.8700000,256002
20111009,000000,83.0700000,84.1600000,83.0400000,83.9000000,979
20111010,000000,83.9100000,86.2400000,83.5100000,85.5100000,32682
20111011,000000,85.5000000,86.8100000,84.1600000,85.5300000,37680
20111012,000000,85.5800000,86.7600000,84.8500000,85.2600000,33459
20111013,000000,85.2600000,85.6100000,83.4000000,84.6100000,48339
20111014,000000,84.6100000,87.6200000,84.5500000,87.4500000,75375
20111016,000000,87.4900000,87.8800000,87.1200000,87.2700000,2072
20111017,000000,87.2700000,88.4000000,86.1100000,86.5000000,76389
20111018,000000,86.4900000,89.2300000,85.7500000,88.4900000,172624
20111019,000000,88.5200000,89.6900000,85.6500000,85.8100000,266320
20111020,000000,85.7800000,87.1200000,84.2200000,86.2300000,297999
20111021,000000,86.2600000,88.8900000,85.9500000,87.5300000,208198
20111023,000000,87.0700000,88.2500000,87.0000000,88.1200000,6628
20111024,000000,88.1000000,92.0700000,87.4700000,91.7500000,271223
20111025,000000,91.7800000,94.6500000,91.5100000,93.4000000,332881
20111026,000000,93.3900000,93.9200000,90.0000000,91.9500000,303504
20111027,000000,91.9600000,94.2500000,91.5600000,93.5500000,220841
20111028,000000,93.5500000,93.8900000,92.0100000,93.4900000,187268
20111030,000000,93.5300000,93.8000000,92.3500000,92.3800000,6322
20111031,000000,92.3700000,93.5200000,91.3600000,92.3600000,170366
20111101,000000,92.3700000,92.5600000,89.1700000,91.4700000,264439
20111102,000000,91.4900000,93.7900000,91.1400000,91.5500000,203752
20111103,000000,91.5400000,94.6100000,90.8700000,94.1400000,218376
20111104,000000,94.1300000,94.9300000,92.8700000,94.4200000,198760
20111106,000000,94.4000000,94.9600000,94.3000000,94.5700000,6797
20111107,000000,94.5700000,96.1100000,93.2300000,95.4600000,203321
20111108,000000,95.4400000,97.3200000,95.2300000,97.0700000,193052
20111109,000000,97.0600000,97.8400000,94.5400000,95.7000000,286914
20111110,000000,95.6600000,98.2200000,95.1000000,98.0500000,53644
20111111,000000,98.0500000,99.3000000,97.3600000,99.1000000,21764
20111113,000000,99.1800000,99.5700000,98.6600000,98.9000000,1532
20111114,000000,98.9100000,99.1300000,97.2200000,98.0000000,40055
20111115,000000,98.0000000,99.8600000,97.6100000,98.6400000,55380
20111116,000000,98.5800000,102.9100000,98.4300000,102.2900000,145776
20111117,000000,102.3000000,103.3700000,98.0600000,98.9100000,296619
20111118,000000,98.9100000,100.3000000,96.7000000,97.7900000,229588
20111120,000000,97.5400000,97.8600000,97.0600000,97.3100000,5070
20111121,000000,97.3000000,97.5300000,95.2400000,97.0200000,214644
20111122,000000,97.0300000,98.7000000,96.3900000,96.7700000,243795
20111123,000000,96.7900000,97.2500000,95.3500000,96.2600000,207754
20111124,000000,96.2700000,97.3100000,96.2100000,96.3800000,21756
20111125,000000,96.3600000,97.5500000,94.9900000,96.7700000,111505
20111127,000000,97.5000000,98.5400000,97.4800000,98.4500000,8808
20111128,000000,98.4500000,100.7400000,97.1300000,98.0100000,240721
20111129,000000,97.9900000,100.1500000,97.3200000,99.5800000,237640
20111130,000000,99.5700000,101.7500000,98.9200000,100.6200000,225150
20111201,000000,100.6200000,101.1700000,98.8700000,100.2400000,199088
20111202,000000,100.2500000,101.5600000,99.7600000,101.1300000,183029
20111204,000000,101.2400000,101.7300000,101.1700000,101.4200000,4902
20111205,000000,101.4100000,102.4400000,100.2400000,100.7000000,181329
20111206,000000,100.7100000,101.6000000,100.2000000,101.4000000,155889
20111207,000000,101.4000000,101.9400000,99.6700000,100.6400000,211916
20111208,000000,100.6300000,101.7300000,97.5900000,98.0200000,249216
20111209,000000,98.0200000,100.0800000,97.3600000,100.0000000,191414
20111211,000000,99.7400000,99.8700000,99.2900000,99.3000000,811
20111212,000000,99.2800000,99.3900000,97.7400000,97.9900000,16247
20111213,000000,97.9600000,101.4500000,97.8800000,100.0900000,37954
20111214,000000,100.0800000,100.2400000,94.4300000,95.5200000,59556
20111215,000000,95.5300000,96.1900000,93.5000000,94.2000000,48925
20111216,000000,94.1800000,94.9700000,92.7000000,94.0000000,69048
20111218,000000,93.7700000,93.9400000,92.8400000,92.8400000,4402
20111219,000000,92.8600000,94.7700000,92.7700000,94.4900000,131107
20111220,000000,94.5100000,98.4400000,94.3100000,97.8900000,178266
20111221,000000,97.8900000,99.2500000,96.8000000,98.7900000,174910
20111222,000000,98.7700000,100.1200000,98.5100000,99.7000000,117303
20111223,000000,99.7000000,100.2300000,99.5600000,99.8600000,58204
20111226,000000,99.9300000,100.1300000,99.3700000,99.4100000,2098
20111227,000000,99.3800000,101.7700000,99.3800000,101.4300000,87854
20111228,000000,101.4300000,101.6400000,99.1100000,99.5400000,121333
20111229,000000,99.5300000,100.1600000,98.3000000,99.8500000,113371
20111230,000000,99.8600000,100.1100000,98.6100000,99.0600000,94732
20120102,000000,99.7200000,100.5700000,99.6500000,100.5200000,4799
20120103,000000,100.5100000,103.1800000,100.4200000,102.6600000,192114
20120104,000000,102.6500000,103.7400000,101.8800000,103.2900000,203101
20120105,000000,103.2800000,103.7300000,101.3000000,101.4600000,237470
20120106,000000,101.4600000,102.8000000,100.8800000,101.9300000,212359
20120108,000000,102.0000000,102.1500000,100.9000000,101.0000000,6537
20120109,000000,100.9800000,102.3000000,100.1000000,102.1500000,217061
20120110,000000,102.1900000,103.6000000,101.7800000,101.9900000,26120
20120111,000000,101.9800000,102.6400000,100.7800000,101.5400000,26328
20120112,000000,101.6100000,103.1900000,98.7300000,100.2100000,41936
20120113,000000,100.2400000,100.4100000,97.9300000,99.2900000,40465
20120115,000000,99.1300000,99.1300000,98.7900000,99.0600000,874
20120116,000000,99.0400000,100.6000000,99.0300000,100.6000000,9579
20120117,000000,100.5900000,101.5900000,99.6700000,101.4400000,54249
20120118,000000,101.4200000,102.2400000,100.0000000,101.5300000,101365
20120119,000000,101.5400000,102.2400000,100.1200000,100.7300000,177779
20120120,000000,100.7400000,100.9100000,98.0200000,98.3900000,189262
20120122,000000,98.3400000,98.3900000,97.4000000,97.9800000,5970
20120123,000000,97.9800000,100.2400000,97.6000000,99.8200000,183188
20120124,000000,99.8200000,100.1800000,98.2500000,99.0600000,170291
20120125,000000,99.0700000,100.3900000,97.5300000,100.1600000,252033
20120126,000000,100.1500000,101.3900000,99.2300000,99.7400000,200581
20120127,000000,99.7500000,100.6300000,99.1300000,99.7600000,193447
20120129,000000,100.0000000,100.0500000,98.9200000,98.9500000,7479
20120130,000000,98.9500000,99.6300000,98.4300000,99.3500000,158633
20120131,000000,99.3400000,101.2900000,97.8600000,98.7500000,274673
20120201,000000,98.7700000,99.4900000,97.1100000,97.5400000,222230
20120202,000000,97.5200000,97.9900000,95.4400000,96.5400000,241337
20120203,000000,96.5400000,98.0300000,96.0100000,97.7700000,208934
20120205,000000,97.7400000,97.7500000,97.0600000,97.3300000,5255
20120206,000000,97.3200000,97.6800000,96.3800000,96.7900000,157954
20120207,000000,96.7700000,99.1300000,95.8400000,99.0900000,248389
20120208,000000,99.0900000,100.0900000,98.1000000,98.9800000,242979
20120209,000000,98.9800000,100.2900000,98.8200000,99.8800000,179680
20120210,000000,99.9100000,100.0400000,97.7300000,99.2600000,14847
20120212,000000,99.6800000,100.0100000,99.4600000,99.8600000,976
20120213,000000,99.8900000,101.5000000,99.6800000,100.8900000,24559
20120214,000000,100.8600000,102.1900000,100.6300000,101.9800000,42152
20120215,000000,101.9700000,102.9000000,101.5700000,101.8500000,46107
20120216,000000,101.8200000,103.0100000,101.1800000,102.8800000,69663
20120217,000000,102.8800000,104.5000000,102.8200000,104.3900000,119455
20120219,000000,104.7100000,105.5600000,104.7000000,105.3700000,9175
20120220,000000,105.3800000,105.8000000,104.8000000,105.1700000,36151
20120221,000000,105.1600000,106.4800000,104.6100000,106.2800000,183539
20120222,000000,106.2600000,106.7200000,105.6100000,105.9200000,180921
20120223,000000,105.9200000,108.7400000,105.4500000,108.4800000,246917
20120224,000000,108.4900000,109.9500000,107.9500000,109.6200000,194972
20120226,000000,109.7100000,109.7600000,109.2900000,109.3500000,6182
20120227,000000,109.3700000,109.4100000,107.2700000,108.3700000,211479
20120228,000000,108.3700000,108.7900000,106.2000000,106.9100000,225376
20120229,000000,106.9200000,107.4300000,104.8400000,107.0500000,276332
20120301,000000,107.0600000,110.5500000,106.5500000,108.5000000,292321
20120302,000000,108.4900000,108.6600000,105.8000000,106.5000000,228232
20120304,000000,106.7500000,107.2900000,106.5100000,106.9500000,6147
20120305,000000,106.9500000,107.4200000,105.5000000,106.8300000,177652
20120306,000000,106.8500000,106.9700000,104.5100000,105.0900000,242446
20120307,000000,105.0800000,106.5500000,104.3500000,106.4500000,219135
20120308,000000,106.4400000,107.3200000,105.8400000,107.2300000,187058
20120309,000000,107.2200000,108.2000000,106.1300000,107.4200000,196464
20120311,000000,107.9400000,107.9400000,107.1300000,107.1300000,603
20120312,000000,107.1000000,107.5200000,105.8700000,107.5100000,17542
20120313,000000,107.5000000,107.8500000,106.2000000,107.3200000,17492
20120314,000000,107.2800000,107.5500000,105.6500000,106.3800000,34665
20120315,000000,106.3700000,106.7000000,104.2900000,106.0400000,69723
20120316,000000,106.0300000,107.8500000,105.6500000,107.6600000,69604
20120318,000000,107.7600000,107.9900000,107.6600000,107.8900000,3004
20120319,000000,107.8900000,108.7000000,107.0400000,107.9300000,146470
20120320,000000,107.9300000,108.1000000,105.7000000,106.5700000,237564
20120321,000000,106.5800000,107.6400000,106.0600000,106.5600000,202599
20120322,000000,106.5500000,106.7700000,104.5000000,105.4700000,242502
20120323,000000,105.4800000,108.2500000,105.1600000,106.7500000,211191
20120325,000000,106.7800000,107.0400000,106.5200000,106.5500000,4883
20120326,000000,106.5400000,107.3200000,106.1900000,106.7900000,129414
20120327,000000,106.7800000,107.7300000,106.5200000,106.7000000,170914
20120328,000000,106.7100000,106.7800000,104.6700000,105.3200000,246849
20120329,000000,105.3200000,105.7000000,102.1300000,103.3300000,267063
20120330,000000,103.3300000,104.1500000,102.7800000,102.9300000,185899
20120401,000000,103.8300000,104.1100000,103.6100000,103.7400000,504
20120402,000000,103.7700000,105.9900000,102.5900000,105.3300000,15901
20120403,000000,105.3900000,105.7000000,104.0400000,104.0800000,10469
20120404,000000,104.0800000,104.2200000,101.6300000,102.8400000,23850
20120405,000000,102.8600000,103.9200000,101.9200000,103.7500000,13382
20120408,000000,102.8000000,102.8700000,102.4500000,102.7100000,361
20120409,000000,102.7200000,103.3300000,101.3600000,102.8300000,12939
20120410,000000,102.8600000,103.4700000,101.2200000,101.8600000,23211
20120411,000000,101.8100000,103.6200000,101.5400000,103.1600000,22753
20120412,000000,103.2000000,104.6900000,102.9300000,103.6600000,29198
20120413,000000,103.6500000,104.0800000,103.0700000,103.3400000,23000
20120415,000000,103.2500000,103.2700000,102.4900000,102.5000000,1858
20120416,000000,102.5400000,103.8400000,102.2800000,103.3500000,44120
20120417,000000,103.3400000,105.5000000,103.1000000,104.8500000,63325
20120418,000000,104.8300000,104.9400000,102.6300000,103.0200000,92316
20120419,000000,103.0200000,103.6600000,102.1300000,103.1800000,159515
20120420,000000,103.1800000,104.6800000,102.9100000,104.0400000,149654
20120422,000000,103.8200000,103.9000000,103.7000000,103.8000000,3100
20120423,000000,103.8100000,103.8400000,101.8200000,102.9500000,163276
20120424,000000,102.9400000,104.1000000,102.7900000,103.6600000,145056
20120425,000000,103.6500000,104.5700000,103.1100000,104.1400000,203909
20120426,000000,104.1400000,104.9200000,103.8400000,104.0400000,144341
20120427,000000,104.0500000,105.0000000,103.7400000,104.8100000,126824
20120429,000000,104.9300000,104.9700000,104.6600000,104.8300000,1540
20120430,000000,104.8100000,105.2700000,103.8800000,105.1600000,154923
20120501,000000,105.0700000,106.7700000,104.7800000,106.3100000,10392
20120502,000000,106.3100000,106.3600000,105.2300000,105.4800000,10051
20120503,000000,105.4900000,105.6900000,102.7600000,102.9900000,16451
20120504,000000,103.0300000,103.0600000,97.9000000,99.0400000,32641
20120506,000000,98.6000000,98.6000000,95.8000000,97.5500000,1505
20120507,000000,97.4300000,98.5600000,96.8100000,98.1600000,19370
20120508,000000,98.1400000,98.1900000,95.9000000,96.7800000,22929
20120509,000000,96.7800000,97.2500000,95.5300000,97.0300000,27016
20120510,000000,96.9400000,98.0400000,96.1400000,96.3900000,20788
20120511,000000,96.3800000,97.5400000,95.9400000,95.9400000,19239
20120513,000000,96.0700000,96.1500000,95.5600000,96.0600000,1200
20120514,000000,96.0700000,96.1500000,94.0200000,94.5200000,27121
20120515,000000,94.5400000,95.8300000,92.9200000,93.1000000,36929
20120516,000000,93.0300000,94.5300000,92.1900000,93.8200000,56727
20120517,000000,93.8400000,94.2400000,92.3400000,92.4800000,58412
20120518,000000,92.4900000,93.2400000,91.2500000,91.6500000,81068
20120520,000000,91.6200000,92.3500000,91.1200000,92.2000000,7647
20120521,000000,92.2300000,93.3400000,91.7600000,93.0100000,131620
20120522,000000,93.0300000,93.3000000,91.0600000,91.2500000,162045
20120523,000000,91.2500000,91.5400000,89.2800000,90.2600000,226222
20120524,000000,90.2900000,91.5200000,89.8100000,90.4900000,181220
20120525,000000,90.4900000,91.3200000,90.4000000,90.7200000,109676
20120527,000000,90.9600000,91.8200000,90.9500000,91.6200000,5186
20120528,000000,91.6400000,91.9900000,90.8600000,91.2100000,21604
20120529,000000,91.2100000,92.2100000,90.2500000,90.3800000,194284
20120530,000000,90.3400000,90.4000000,87.2700000,87.5900000,246363
20120531,000000,87.6100000,88.2800000,85.8600000,86.7400000,273316
20120601,000000,86.7900000,86.8400000,82.6300000,83.5600000,20925
20120603,000000,83.3000000,83.6600000,81.9200000,81.9900000,788
20120604,000000,82.0000000,85.2000000,81.5300000,85.1000000,14169
20120605,000000,85.0200000,85.3000000,83.6100000,85.1900000,11904
20120606,000000,85.2000000,86.5300000,84.8800000,85.6300000,13509
20120607,000000,85.6800000,87.3200000,82.9300000,83.7100000,24096
20120608,000000,83.6800000,84.9400000,82.3100000,84.6600000,19657
20120610,000000,85.7000000,86.9100000,85.7000000,86.3700000,1178
20120611,000000,86.3900000,86.5700000,81.3900000,82.5200000,21214
20120612,000000,82.4600000,84.0100000,81.6700000,83.1600000,24316
20120613,000000,83.2400000,84.2900000,82.4400000,83.2700000,29495
20120614,000000,83.2800000,85.1000000,82.6300000,84.8900000,39287
20120615,000000,84.8700000,85.0900000,83.7300000,84.4800000,38059
20120617,000000,85.4500000,85.8900000,84.7400000,85.2100000,6264
20120618,000000,85.2300000,85.2900000,82.3600000,83.3900000,111942
20120619,000000,83.4000000,84.7500000,82.6000000,84.3200000,213185
20120620,000000,84.3200000,84.7200000,80.1100000,80.3100000,308085
20120621,000000,80.3000000,81.0600000,77.9300000,78.5100000,314902
20120622,000000,78.5300000,80.3700000,77.5600000,80.1500000,238077
20120624,000000,80.1700000,80.6800000,79.7700000,80.3400000,6540
20120625,000000,80.3100000,80.3300000,78.0300000,78.9600000,203517
20120626,000000,78.9700000,79.6800000,78.3600000,79.3000000,209710
20120627,000000,79.3100000,80.9200000,78.6800000,80.5100000,205972
20120628,000000,80.5100000,80.8400000,77.2800000,79.2400000,269649
20120629,000000,79.2300000,85.3400000,79.2000000,84.8700000,351104
20120701,000000,85.2000000,85.4200000,84.0700000,84.2000000,1154
20120702,000000,84.2500000,85.0200000,82.5000000,84.8200000,21660
20120703,000000,84.8800000,88.4200000,84.4200000,87.5200000,16175
20120704,000000,87.5300000,87.7600000,86.8700000,87.3900000,2684
20120705,000000,87.3500000,89.3300000,86.4100000,86.4500000,18966
20120706,000000,86.4500000,86.8700000,84.4000000,84.4800000,22703
20120708,000000,84.6600000,85.3800000,84.5100000,85.2000000,490
20120709,000000,85.2000000,86.8300000,84.6300000,85.4200000,18337
20120710,000000,85.3800000,86.3000000,84.0500000,84.9200000,18990
20120711,000000,84.8700000,86.8700000,84.8100000,85.9300000,23568
20120712,000000,85.8800000,86.7300000,84.6000000,86.4200000,23597
20120713,000000,86.4400000,88.0000000,86.3300000,87.4400000,29549
20120715,000000,87.5600000,87.7500000,86.9700000,87.2300000,911
20120716,000000,87.1800000,89.1300000,86.8100000,88.8900000,38539
20120717,000000,88.9100000,89.8000000,87.7900000,89.0800000,73855
20120718,000000,89.0600000,90.7900000,88.9100000,90.7300000,86310
20120719,000000,90.7300000,93.2500000,90.6800000,92.4300000,203379
20120720,000000,92.3900000,92.5800000,90.9200000,91.7000000,183719
20120722,000000,91.6100000,91.6400000,90.2600000,90.3300000,9818
20120723,000000,90.3300000,90.4000000,87.7600000,88.9100000,249575
20120724,000000,88.8800000,89.0900000,87.4300000,88.2800000,254901
20120725,000000,88.2800000,89.3600000,86.8400000,88.4600000,241055
20120726,000000,88.4500000,90.4700000,88.0700000,89.6800000,201240
20120727,000000,89.6700000,90.4500000,89.2900000,90.2600000,165692
20120729,000000,90.1300000,90.9500000,89.8700000,90.6100000,7163
20120730,000000,90.5700000,90.6000000,89.3300000,89.7900000,128423
20120731,000000,89.7800000,90.3000000,87.3100000,88.1600000,218201
20120801,000000,88.1800000,89.7200000,88.1300000,89.1200000,12101
20120802,000000,89.1200000,89.9000000,87.2000000,87.5400000,13077
20120803,000000,87.8400000,91.9800000,87.8400000,91.6400000,16104
20120805,000000,91.6600000,91.6600000,91.2100000,91.6300000,413
20120806,000000,91.6100000,92.5900000,90.8900000,92.1800000,9345
20120807,000000,92.1900000,94.6800000,92.0700000,93.5100000,22948
20120808,000000,93.4800000,94.9700000,93.1000000,93.9600000,14694
20120809,000000,93.9800000,94.4700000,93.3300000,93.3800000,15076
20120810,000000,93.3400000,93.6700000,91.9700000,93.6500000,17384
20120812,000000,93.5200000,94.0200000,93.3900000,93.6800000,616
20120813,000000,93.6300000,94.4100000,92.3400000,93.1500000,19086
20120814,000000,93.1800000,94.2300000,93.0900000,93.4700000,19605
20120815,000000,93.3700000,95.2100000,93.0000000,94.5900000,33821
20120816,000000,94.5700000,96.0400000,94.2100000,95.3300000,43821
20120817,000000,95.3400000,96.5800000,95.2600000,96.5400000,66968
20120819,000000,96.6100000,96.7100000,96.4200000,96.6200000,2562
20120820,000000,96.6100000,96.8300000,95.3200000,96.4200000,130066
20120821,000000,96.4000000,97.8500000,96.3700000,96.9600000,162558
20120822,000000,96.9300000,98.1700000,96.2600000,97.9900000,178514
20120823,000000,97.9900000,98.2900000,95.6600000,95.7000000,176740
20120824,000000,95.7100000,97.1700000,95.4100000,96.1200000,155226
20120826,000000,96.6800000,97.7200000,96.4500000,97.1600000,11934
20120827,000000,97.1500000,97.4900000,94.4100000,95.3400000,167428
20120828,000000,95.3300000,96.5400000,95.2600000,96.0100000,160523
20120829,000000,95.9700000,96.3700000,94.7600000,94.9400000,150951
20120830,000000,94.9300000,95.6000000,93.9500000,94.6600000,144681
20120831,000000,94.6500000,96.9200000,94.5700000,96.5600000,183560
20120902,000000,96.6700000,96.7600000,96.3200000,96.7000000,157
20120903,000000,96.7000000,97.6400000,96.4000000,97.5200000,1151
20120904,000000,97.5400000,97.6700000,95.3100000,95.6100000,9468
20120905,000000,95.5600000,96.5600000,94.6000000,96.1600000,9656
20120906,000000,96.1600000,98.0000000,94.9000000,95.4800000,15431
20120907,000000,95.5000000,97.0500000,94.4100000,96.6200000,17524
20120909,000000,96.6400000,96.7300000,96.4300000,96.6700000,211
20120910,000000,96.7000000,96.9700000,95.6900000,96.6100000,12311
20120911,000000,96.6000000,97.6300000,96.4300000,97.4600000,14563
20120912,000000,97.4500000,98.3800000,96.6900000,97.3100000,17039
20120913,000000,97.4100000,99.7600000,96.8200000,99.6700000,41310
20120914,000000,99.6800000,100.7300000,98.8100000,99.4000000,40177
20120916,000000,99.4000000,99.6000000,99.1500000,99.4300000,1277
20120917,000000,99.3900000,99.8100000,94.9800000,97.0000000,88592
20120918,000000,96.9900000,97.0000000,95.4200000,96.2200000,110333
20120919,000000,96.2200000,96.5000000,91.1800000,91.3200000,303010
20120920,000000,91.2800000,93.2300000,90.9600000,93.1000000,186408
20120921,000000,93.1100000,93.8400000,92.5900000,92.9600000,140498
20120923,000000,93.1600000,93.1600000,91.7800000,92.1500000,10453
20120924,000000,92.1400000,92.3800000,91.0600000,92.1700000,149148
20120925,000000,92.1600000,93.2000000,90.5700000,90.7800000,192360
20120926,000000,90.7800000,90.9200000,88.9500000,90.0700000,209452
20120927,000000,90.1000000,92.4700000,90.0100000,92.4400000,185542
20120928,000000,92.4600000,92.7100000,91.4000000,92.1000000,153330
20120930,000000,92.1500000,92.1500000,91.2600000,91.5400000,6878
20121001,000000,91.5300000,93.3300000,91.3400000,92.6000000,92249
20121002,000000,92.5700000,93.3000000,91.9000000,92.1300000,10948
20121003,000000,92.1700000,92.1800000,88.0900000,88.6800000,34999
20121004,000000,88.6500000,92.1900000,88.4000000,91.7800000,25648
20121005,000000,91.7200000,92.0500000,89.3800000,90.3200000,26277
20121007,000000,90.2600000,90.2600000,89.6400000,89.6400000,537
20121008,000000,89.6400000,90.7300000,88.6100000,90.5400000,16423
20121009,000000,90.5200000,93.3000000,89.6900000,92.3400000,28256
20121010,000000,92.5000000,94.0200000,91.4200000,91.9800000,32557
20121011,000000,91.8900000,93.3300000,91.6600000,92.5900000,27714
20121012,000000,92.6300000,93.0600000,91.5800000,92.0200000,19918
20121014,000000,92.0500000,92.1300000,91.2500000,91.5900000,1223
20121015,000000,91.5600000,92.6200000,90.2700000,92.4300000,41945
20121016,000000,92.4100000,93.1900000,91.8200000,92.7000000,41406
20121017,000000,92.6800000,93.2700000,91.9900000,92.5800000,48705
20121018,000000,92.5900000,92.9900000,91.1200000,92.5200000,88363
20121019,000000,92.5100000,93.4900000,90.1900000,90.6000000,222654
20121021,000000,90.0400000,90.9300000,89.8500000,90.8900000,8289
20121022,000000,90.8900000,91.2700000,88.5700000,88.7900000,201212
20121023,000000,88.7800000,88.9200000,85.6900000,87.3700000,238393
20121024,000000,87.3600000,87.4700000,84.9400000,85.9900000,219343
20121025,000000,85.9600000,86.7500000,85.0900000,85.2400000,159947
20121026,000000,85.2100000,86.3700000,85.0000000,86.2400000,154187
20121028,000000,86.3700000,86.4000000,85.7800000,85.9000000,6401
20121029,000000,85.9100000,86.3400000,84.6600000,85.3100000,94424
20121030,000000,85.3300000,86.2400000,85.1900000,85.8700000,67688
20121031,000000,85.8500000,87.1900000,85.8200000,86.8000000,151367
20121101,000000,86.7800000,87.8500000,86.5600000,87.1800000,10735
20121102,000000,87.1900000,87.7100000,85.2000000,85.3400000,15433
20121104,000000,85.1700000,85.6800000,85.1500000,85.5800000,491
20121105,000000,85.5800000,86.3800000,84.8700000,86.1400000,9707
20121106,000000,86.0500000,89.6700000,85.9200000,88.9200000,19836
20121107,000000,88.8800000,89.2600000,84.5300000,85.6000000,26471
20121108,000000,85.5900000,86.1800000,84.7200000,85.9000000,19263
20121109,000000,85.8600000,87.2400000,84.6100000,86.6100000,21267
20121111,000000,86.6900000,86.7600000,86.3200000,86.6200000,409
20121112,000000,86.6100000,87.0200000,85.5000000,85.6400000,19195
20121113,000000,85.6100000,86.4400000,85.1000000,85.9200000,33543
20121114,000000,85.9000000,87.0600000,85.3900000,86.7600000,87570
20121115,000000,86.7600000,87.2500000,85.1000000,85.7900000,178596
20121116,000000,85.7800000,87.3900000,85.4100000,87.0000000,183257
20121118,000000,87.2700000,87.8700000,87.1100000,87.7800000,8262
20121119,000000,87.7800000,89.8000000,87.5200000,89.1500000,186548
20121120,000000,89.1300000,89.1800000,86.1700000,86.8600000,246800
20121121,000000,86.8600000,87.8900000,86.3700000,87.5500000,159625
20121122,000000,87.5400000,87.6700000,86.7100000,87.2000000,16215
20121123,000000,87.2100000,88.5300000,86.9000000,88.2600000,64851
20121125,000000,88.1800000,88.2900000,87.8100000,88.1600000,5125
20121126,000000,88.1500000,88.2900000,87.2700000,88.0900000,120620
20121127,000000,88.0800000,88.2500000,86.8300000,87.1300000,163453
20121128,000000,87.1200000,87.1600000,85.3600000,86.8300000,201019
20121129,000000,86.8100000,88.6900000,86.6600000,87.8400000,207669
20121130,000000,87.8300000,88.9900000,87.7100000,88.9400000,155066
20121202,000000,89.4200000,89.8700000,89.3900000,89.6200000,617
20121203,000000,89.6300000,90.9000000,89.1200000,89.1500000,11365
20121204,000000,89.1500000,89.7600000,88.1700000,89.4300000,9203
20121205,000000,89.4300000,89.6300000,88.0500000,88.2800000,8929
20121206,000000,88.3500000,88.8000000,86.2800000,87.0900000,21366
20121207,000000,87.1200000,87.4800000,86.3500000,86.5500000,15366
20121209,000000,86.4800000,86.9900000,86.4800000,86.9700000,430
20121210,000000,87.0000000,87.3200000,85.8800000,86.2000000,10164
20121211,000000,86.1900000,86.8800000,85.7600000,86.3500000,15144
20121212,000000,86.3400000,88.2000000,86.3200000,87.1100000,29994
20121213,000000,87.1000000,87.4800000,86.3600000,87.1200000,24310
20121214,000000,87.1400000,87.4800000,86.6100000,87.3200000,34418
20121216,000000,87.3900000,87.7600000,87.3300000,87.4400000,3436
20121217,000000,87.4600000,88.3800000,87.0000000,88.2400000,66459
20121218,000000,88.2300000,88.6300000,87.6800000,88.3100000,115841
20121219,000000,88.3100000,90.3300000,88.2800000,89.5000000,170090
20121220,000000,89.4900000,90.5400000,88.9300000,89.1700000,140562
20121221,000000,89.1700000,89.4600000,87.9600000,88.9600000,124638
20121223,000000,88.6600000,88.8600000,88.4400000,88.5500000,2996
20121224,000000,88.5500000,88.8300000,88.2000000,88.8300000,31413
20121225,000000,88.7000000,89.2100000,88.6200000,89.0000000,1989
20121226,000000,89.0000000,91.3000000,88.9700000,91.1800000,106833
20121227,000000,91.1900000,91.4900000,90.0500000,91.2700000,109488
20121228,000000,91.2800000,91.3900000,90.3200000,90.6200000,90074
20121230,000000,90.4300000,90.9600000,90.3700000,90.9000000,4183
20121231,000000,90.9000000,91.9900000,90.0000000,91.7800000,82546
20130101,000000,92.2100000,93.1900000,92.0300000,93.1900000,1046
20130102,000000,93.1900000,94.3100000,92.9300000,93.3300000,13868
20130103,000000,93.3600000,93.7100000,92.5600000,92.6900000,10767
20130104,000000,92.6700000,93.6000000,91.9600000,93.6000000,10814
20130106,000000,93.6000000,93.6400000,93.1800000,93.1900000,537
20130107,000000,93.2000000,93.7700000,92.8600000,93.6500000,11628
20130108,000000,93.6300000,94.2500000,93.1300000,93.5400000,15459
20130109,000000,93.5300000,94.0700000,93.1300000,93.9100000,17359
20130110,000000,93.9200000,95.1600000,93.9100000,94.2900000,23185
20130111,000000,94.2800000,94.3100000,93.0600000,94.1900000,21915
20130113,000000,94.1900000,94.7000000,94.1200000,94.6600000,1339
20130114,000000,94.6200000,94.7300000,93.4000000,94.1800000,31312
20130115,000000,94.1700000,94.8900000,93.6500000,93.9100000,33626
20130116,000000,93.9100000,94.8000000,93.5500000,94.3900000,48427
20130117,000000,94.4000000,96.5000000,94.3900000,96.0700000,93642
20130118,000000,96.0600000,96.1300000,95.3600000,95.7900000,116042
20130120,000000,95.7100000,95.8500000,95.5700000,95.5800000,3239
20130121,000000,95.5800000,96.2200000,95.5200000,96.2000000,21727
20130122,000000,96.1900000,96.9000000,95.4700000,96.5600000,141194
20130123,000000,96.5600000,96.9200000,94.9500000,95.5900000,179992
20130124,000000,95.5800000,96.6800000,95.3100000,95.8500000,160237
20130125,000000,95.8500000,96.5600000,95.4300000,96.0600000,127804
20130127,000000,96.0400000,96.2000000,95.8900000,96.1200000,3505
20130128,000000,96.1100000,96.8100000,95.4700000,96.7800000,130609
20130129,000000,96.7800000,97.8200000,96.2900000,97.5800000,192131
20130130,000000,97.5800000,98.2400000,97.3400000,97.9500000,159408
20130131,000000,97.9400000,98.1900000,96.8400000,98.0800000,157389
20130201,000000,98.0600000,98.6000000,97.0000000,98.0800000,14011
20130203,000000,98.1900000,98.1900000,97.9400000,98.0000000,140
20130204,000000,98.0200000,98.0200000,96.3700000,96.5900000,15421
20130205,000000,96.5900000,97.5500000,96.3900000,97.1300000,12637
20130206,000000,97.1000000,97.4600000,95.5000000,97.2000000,28412
20130207,000000,97.2300000,97.6800000,96.0500000,96.5900000,25017
20130208,000000,96.6100000,97.0500000,95.8000000,96.3100000,16518
20130210,000000,96.3100000,96.4500000,96.0900000,96.1700000,370
20130211,000000,96.1600000,97.6300000,95.5000000,97.4400000,28645
20130212,000000,97.4500000,98.3200000,97.2100000,98.1400000,27349
20130213,000000,98.1500000,98.6500000,97.1900000,97.7300000,34016
20130214,000000,97.7200000,98.2800000,97.3600000,97.9200000,28263
20130215,000000,97.9200000,97.9200000,95.7700000,96.6100000,90790
20130217,000000,96.4100000,96.4900000,95.9800000,96.1900000,2897
20130218,000000,96.1900000,96.4900000,95.7400000,95.9900000,19403
20130219,000000,95.9800000,97.2400000,95.8000000,97.1000000,116363
20130220,000000,97.1000000,97.4900000,94.2100000,94.4500000,249948
20130221,000000,94.4600000,94.5100000,92.6300000,93.1400000,208283
20130222,000000,93.1400000,93.4800000,92.4400000,93.3600000,139409
20130224,000000,93.2300000,93.3300000,92.9600000,93.1300000,5268
20130225,000000,93.1200000,94.4600000,92.0300000,92.3500000,167720
20130226,000000,92.3500000,93.4400000,92.0700000,92.7400000,177321
20130227,000000,92.7300000,93.3700000,92.1800000,92.8400000,145827
20130228,000000,92.8400000,93.1100000,91.5700000,92.1900000,145843
20130301,000000,92.1600000,92.3200000,90.5000000,91.4300000,12356
20130303,000000,91.2200000,91.2200000,90.8000000,90.8800000,324
20130304,000000,90.8700000,91.3400000,89.7800000,90.8300000,12723
20130305,000000,90.8500000,91.6000000,90.4900000,91.4800000,10687
20130306,000000,91.4900000,91.5200000,90.0400000,90.7400000,13496
20130307,000000,90.7800000,92.1900000,90.7500000,91.8200000,13851
20130308,000000,91.8500000,92.5000000,91.3000000,92.3200000,13566
20130310,000000,92.3000000,92.3400000,92.0800000,92.1900000,420
20130311,000000,92.1900000,92.6900000,91.3600000,92.3600000,15221
20130312,000000,92.3500000,93.9000000,92.0500000,93.1100000,28556
20130313,000000,93.1000000,93.7800000,92.2700000,92.6000000,29419
20130314,000000,92.6100000,93.7200000,92.3700000,93.6100000,32811
20130315,000000,93.6100000,94.2000000,93.3600000,93.8100000,36192
20130317,000000,93.6100000,93.6400000,92.5200000,92.8900000,7051
20130318,000000,92.8500000,94.3200000,92.1400000,94.1600000,94952
20130319,000000,94.1600000,94.4700000,92.3600000,92.7900000,171853
20130320,000000,92.7800000,93.6000000,92.4700000,93.2400000,165808
20130321,000000,93.2400000,93.4300000,91.8400000,92.6300000,157119
20130322,000000,92.6200000,93.9400000,92.3300000,93.8000000,138277
20130324,000000,93.7400000,94.2000000,93.7000000,94.1800000,5912
20130325,000000,94.1900000,95.6500000,94.0100000,94.8600000,199967
20130326,000000,94.8500000,96.4500000,94.8300000,96.0800000,168879
20130327,000000,96.0600000,96.8400000,95.5800000,96.5900000,154540
20130328,000000,96.5900000,97.3500000,96.2600000,97.2300000,128864
20130331,000000,97.3600000,97.8000000,96.9800000,97.2100000,2595
20130401,000000,97.1000000,97.4100000,96.2100000,97.0300000,13760
20130402,000000,97.0000000,97.7400000,96.2200000,96.9700000,16508
20130403,000000,96.9500000,97.2000000,94.5000000,94.8000000,27200
20130404,000000,94.7800000,95.1300000,92.4300000,93.4200000,26926
20130405,000000,93.4000000,93.5200000,92.2200000,93.3700000,20482
20130407,000000,93.2200000,93.3600000,93.0300000,93.2100000,784
20130408,000000,93.2100000,94.0600000,92.7700000,94.0000000,15007
20130409,000000,94.0400000,94.7800000,93.1800000,94.2000000,18342
20130410,000000,94.1500000,95.1200000,93.7200000,94.7200000,17108
20130411,000000,94.7300000,94.9600000,93.3800000,93.5100000,24962
20130412,000000,93.5300000,93.5700000,90.6200000,91.0000000,49811
20130414,000000,91.2400000,91.2400000,88.7800000,89.2400000,6707
20130415,000000,89.1700000,90.3000000,86.3900000,87.9500000,72668
20130416,000000,87.9000000,89.4000000,87.6800000,88.9900000,60133
20130417,000000,88.9700000,89.1800000,85.9000000,86.8300000,89669
20130418,000000,86.8000000,88.7800000,86.5900000,88.3400000,131668
20130419,000000,88.3300000,89.0600000,87.8200000,88.2700000,132437
20130421,000000,88.2500000,88.8500000,88.1500000,88.7900000,4634
20130422,000000,88.7900000,89.4800000,87.6900000,88.6100000,161027
20130423,000000,88.5900000,89.7000000,87.8000000,89.6200000,202427
20130424,000000,89.6600000,91.9800000,89.3200000,91.9500000,200866
20130425,000000,91.9400000,93.8700000,91.1100000,93.0300000,219202
20130426,000000,93.0300000,93.5800000,92.0600000,92.7800000,144689
20130428,000000,92.7600000,92.9100000,92.4300000,92.6800000,4340
20130429,000000,92.6600000,94.6900000,92.5100000,94.4100000,153744
20130430,000000,94.4100000,94.6200000,92.8600000,93.2300000,197881
20130501,000000,93.2500000,93.3600000,90.3200000,91.2800000,17265
20130502,000000,91.2800000,94.4500000,90.8800000,93.9000000,15742
20130503,000000,93.9200000,96.2300000,93.7700000,95.8100000,19965
20130505,000000,95.8100000,97.3800000,95.8000000,96.7400000,1505
20130506,000000,96.7500000,96.8800000,95.1100000,95.7100000,13937
20130507,000000,95.7500000,96.4900000,95.1700000,95.9400000,15206
20130508,000000,95.9700000,96.9900000,95.4700000,96.7600000,16846
20130509,000000,96.7200000,96.7300000,95.6100000,96.1500000,17066
20130510,000000,96.1500000,96.4700000,93.6200000,96.2000000,27470
20130512,000000,96.0400000,96.0400000,95.3000000,95.3900000,1321
20130513,000000,95.3600000,95.9600000,94.7100000,95.6500000,24892
20130514,000000,95.6000000,95.9100000,94.1300000,94.5800000,28633
20130515,000000,94.5900000,94.6900000,92.4000000,94.2300000,54086
20130516,000000,94.1800000,95.8300000,93.5000000,95.1800000,64600
20130517,000000,95.1700000,96.7400000,95.0800000,96.2700000,91261
20130519,000000,96.2500000,96.5500000,95.7900000,96.0600000,5508
20130520,000000,96.0300000,97.3500000,95.4700000,97.1000000,138110
20130521,000000,97.0800000,97.2200000,95.5100000,95.7000000,147098
20130522,000000,95.6900000,96.1900000,93.5200000,93.8300000,183006
20130523,000000,93.8200000,94.4600000,92.2100000,93.8000000,196743
20130524,000000,93.8000000,94.3400000,93.0400000,93.8700000,123260
20130526,000000,93.8700000,93.8900000,93.2300000,93.6800000,4923
20130527,000000,93.6600000,94.0500000,93.3700000,93.5600000,14331
20130528,000000,93.5500000,95.9200000,93.5300000,94.8400000,173747
20130529,000000,94.8300000,95.2200000,92.7200000,93.1800000,228012
20130530,000000,93.1800000,93.9900000,91.6500000,93.8000000,226318
20130531,000000,93.7100000,93.8100000,91.5600000,91.6100000,185033
20130602,000000,91.9700000,92.2100000,91.5000000,92.0400000,914
20130603,000000,92.0800000,93.8900000,91.6000000,93.2100000,12361
20130604,000000,93.2100000,94.6300000,92.6000000,93.8700000,12439
20130605,000000,93.8400000,94.7000000,93.6400000,94.1900000,11328
20130606,000000,94.2400000,95.5000000,94.0100000,95.1000000,14527
20130607,000000,95.1000000,96.6000000,93.9700000,96.5000000,17913
20130609,000000,96.4500000,96.4900000,96.3000000,96.4300000,567
20130610,000000,96.4200000,96.4200000,95.4400000,95.8800000,13523
20130611,000000,95.8800000,96.0800000,94.2900000,94.7600000,23527
20130612,000000,94.7600000,96.6600000,94.6700000,95.5600000,26699
20130613,000000,95.5400000,97.1400000,95.2400000,96.8600000,38567
20130614,000000,96.8100000,98.4800000,96.6400000,98.1300000,37090
