20100101,000000,2.0610000,2.0622000,2.0529000,2.0529000,22
20100104,000000,2.0724000,2.1135000,2.0671000,2.1115000,12516
20100105,000000,2.1124000,2.1315000,2.1004000,2.1307000,12548
20100106,000000,2.1311000,2.1462000,2.0933000,2.1350000,12454
20100107,000000,2.1340000,2.1469000,2.1212000,2.1351000,8108
20100108,000000,2.1350000,2.1720000,2.1162000,2.1616000,12421
20100109,000000,2.1622000,2.1629000,2.1553000,2.1553000,75
20100111,000000,2.1698000,2.1927000,2.1349000,2.1377000,10269
20100112,000000,2.1350000,2.1460000,2.0880000,2.0943000,9329
20100113,000000,2.0949000,2.0978000,2.0230000,2.0607000,12959
20100114,000000,2.0600000,2.0833000,2.0522000,2.0695000,7609
20100115,000000,2.0705000,2.0738000,2.0345000,2.0462000,7176
20100116,000000,2.0456000,2.0460000,2.0454000,2.0454000,8
20100118,000000,2.0450000,2.0618000,2.0300000,2.0465000,1291
20100119,000000,2.0460000,2.0688000,2.0098000,2.0660000,7722
20100120,000000,2.0650000,2.0660000,2.0220000,2.0378000,4703
20100121,000000,2.0378000,2.0685000,1.9769000,1.9830000,5511
20100122,000000,1.9838000,2.0004000,1.9570000,1.9570000,3800
20100123,000000,1.9560000,1.9657000,1.9555000,1.9657000,28
20100125,000000,1.9621000,2.0040000,1.9520000,2.0001000,3903
20100126,000000,1.9995000,2.0016000,1.9650000,1.9695000,2729
20100127,000000,1.9690000,1.9807000,1.9125000,1.9403000,2208
20100128,000000,1.9400000,1.9562000,1.9044000,1.9250000,1962
20100129,000000,1.9240000,1.9460000,1.8899000,1.9039000,1028
20100130,000000,1.9120000,1.9136000,1.9120000,1.9134000,28
20100201,000000,1.9131000,1.9470000,1.8973000,1.9445000,9056
20100202,000000,1.9465000,2.0227000,1.9316000,2.0205000,14153
20100203,000000,2.0203000,2.0662000,2.0154000,2.0330000,14514
20100204,000000,2.0327000,2.0374000,1.9338000,1.9457000,11191
20100205,000000,1.9450000,1.9595000,1.8423000,1.9036000,9207
20100206,000000,1.9030000,1.9070000,1.8864000,1.8864000,104
20100208,000000,1.9076000,1.9114000,1.8702000,1.8900000,9116
20100209,000000,1.8915000,1.9488000,1.8827000,1.9319000,6710
20100210,000000,1.9335000,1.9470000,1.8892000,1.9270000,8082
20100211,000000,1.9278000,1.9465000,1.8930000,1.9339000,5999
20100212,000000,1.9335000,1.9389000,1.8716000,1.9304000,7406
20100213,000000,1.9304000,1.9312000,1.9295000,1.9295000,66
20100215,000000,1.9295000,1.9357000,1.9186000,1.9190000,806
20100216,000000,1.9215000,2.0100000,1.9215000,1.9950000,12613
20100217,000000,1.9952000,2.0096000,1.9851000,2.0073000,5151
20100218,000000,2.0071000,2.0700000,1.9842000,2.0691000,7427
20100219,000000,2.0696000,2.0920000,2.0350000,2.0915000,7158
20100220,000000,2.0938000,2.0940000,2.0857000,2.0857000,107
20100221,000000,2.1163000,2.1275000,2.0937000,2.1015000,178
20100222,000000,2.1009000,2.1232000,2.0900000,2.1168000,3965
20100223,000000,2.1154000,2.1191000,2.0613000,2.0736000,3986
20100224,000000,2.0762000,2.1020000,2.0497000,2.0909000,2011
20100225,000000,2.0893000,2.0893000,2.0250000,2.0380000,1119
20100226,000000,2.0440000,2.1885000,2.0413000,2.1879000,1771
20100228,000000,2.1870000,2.2065000,2.1850000,2.2031000,387
20100301,000000,2.1983000,2.2177000,2.1372000,2.1574000,13627
20100302,000000,2.1560000,2.2220000,2.1550000,2.1976000,10835
20100303,000000,2.1954000,2.2507000,2.1918000,2.2400000,11396
20100304,000000,2.2400000,2.2506000,2.2177000,2.2450000,9802
20100305,000000,2.2480000,2.2831000,2.2402000,2.2710000,10479
20100307,000000,2.2819000,2.2879000,2.2790000,2.2866000,146
20100308,000000,2.2867000,2.2951000,2.2675000,2.2700000,10641
20100309,000000,2.2710000,2.2740000,2.2380000,2.2685000,9245
20100310,000000,2.2679000,2.3125000,2.2510000,2.2720000,11059
20100311,000000,2.2731000,2.2857000,2.2595000,2.2760000,6790
20100312,000000,2.2760000,2.2952000,2.2328000,2.2550000,10619
20100314,000000,2.2550000,2.2576000,2.2464000,2.2510000,125
20100315,000000,2.2503000,2.2622000,2.2033000,2.2221000,9979
20100316,000000,2.2225000,2.2910000,2.2180000,2.2877000,11142
20100317,000000,2.2891000,2.3148000,2.2844000,2.2950000,8821
20100318,000000,2.2950000,2.3068000,2.2806000,2.3018000,7446
20100319,000000,2.3032000,2.3039000,2.2350000,2.2570000,8933
20100321,000000,2.2550000,2.2563000,2.2441000,2.2445000,46
20100322,000000,2.2480000,2.2638000,2.2003000,2.2525000,6159
20100323,000000,2.2535000,2.2664000,2.2326000,2.2414000,3356
20100324,000000,2.2402000,2.2414000,2.2125000,2.2221000,4055
20100325,000000,2.2268000,2.2360000,2.2080000,2.2210000,2327
20100326,000000,2.2275000,2.2373000,2.1895000,2.2074000,2551
20100328,000000,2.2144000,2.2169000,2.2140000,2.2169000,28
20100329,000000,2.2178000,2.2751000,2.2148000,2.2602000,2086
20100330,000000,2.2720000,2.2805000,2.2550000,2.2750000,1106
20100331,000000,2.2708000,2.3212000,2.2706000,2.2982000,2118
20100401,000000,2.2990000,2.3379000,2.2990000,2.3237000,11538
20100404,000000,2.3365000,2.3467000,2.3365000,2.3453000,153
20100405,000000,2.3453000,2.3672000,2.3311000,2.3400000,9997
20100406,000000,2.3428000,2.3589000,2.3335000,2.3589000,9637
20100407,000000,2.3572000,2.3581000,2.3040000,2.3172000,11266
20100408,000000,2.3172000,2.3190000,2.2635000,2.3045000,15536
20100409,000000,2.3047000,2.3184000,2.2675000,2.2893000,10600
20100411,000000,2.2911000,2.3062000,2.2911000,2.2967000,172
20100412,000000,2.2976000,2.3224000,2.2832000,2.2946000,11551
20100413,000000,2.2952000,2.3155000,2.2645000,2.3081000,13227
20100414,000000,2.3071000,2.3512000,2.2960000,2.3329000,9706
20100415,000000,2.3323000,2.3407000,2.3080000,2.3135000,7185
20100416,000000,2.3119000,2.3153000,2.2466000,2.2770000,8179
20100418,000000,2.2770000,2.2772000,2.2454000,2.2500000,386
20100419,000000,2.2509000,2.2700000,2.2202000,2.2618000,5852
20100420,000000,2.2595000,2.3012000,2.2595000,2.2951000,5050
20100421,000000,2.2975000,2.3053000,2.2622000,2.2791000,3533
20100422,000000,2.2870000,2.3050000,2.2415000,2.2971000,4230
20100423,000000,2.2926000,2.3550000,2.2890000,2.3531000,3800
20100425,000000,2.3565000,2.3655000,2.3565000,2.3655000,33
20100426,000000,2.3656000,2.3659000,2.3347000,2.3375000,2782
20100427,000000,2.3370000,2.3550000,2.3088000,2.3275000,2285
20100428,000000,2.3241000,2.3345000,2.2951000,2.3290000,1922
20100429,000000,2.3255000,2.3696000,2.3255000,2.3650000,2269
20100430,000000,2.3736000,2.4075000,2.3710000,2.3994000,1274
20100503,000000,2.3960000,2.4411000,2.3955000,2.4270000,10973
20100504,000000,2.4272000,2.4315000,2.3050000,2.3109000,14031
20100505,000000,2.3127000,2.3240000,2.2130000,2.2254000,18350
20100506,000000,2.2250000,2.2285000,2.0990000,2.1630000,9448
20100507,000000,2.1550000,2.1884000,2.1045000,2.1251000,5770
20100509,000000,2.1380000,2.1650000,2.1354000,2.1650000,375
20100510,000000,2.1650000,2.2000000,2.1538000,2.1726000,7345
20100511,000000,2.1726000,2.2084000,2.1520000,2.1799000,7386
20100512,000000,2.1799000,2.2345000,2.1780000,2.2124000,6463
20100513,000000,2.2100000,2.2190000,2.1825000,2.1880000,6844
20100514,000000,2.1878000,2.1880000,2.1173000,2.1374000,8078
20100516,000000,2.1353000,2.1355000,2.0932000,2.0997000,252
20100517,000000,2.1050000,2.1410000,2.0415000,2.0645000,8435
20100518,000000,2.0650000,2.0905000,2.0190000,2.0320000,13938
20100519,000000,2.0348000,2.0440000,2.0026000,2.0166000,9351
20100520,000000,2.0152000,2.0235000,1.9205000,1.9575000,3814
20100521,000000,1.9582000,1.9860000,1.9339000,1.9740000,7610
20100523,000000,1.9658000,1.9754000,1.9545000,1.9754000,158
20100524,000000,1.9754000,1.9864000,1.9491000,1.9491000,6230
20100525,000000,1.9411000,1.9661000,1.9008000,1.9550000,5477
20100526,000000,1.9460000,1.9844000,1.9457000,1.9664000,5015
20100527,000000,1.9775000,2.0455000,1.9716000,2.0389000,3008
20100528,000000,2.0375000,2.0526000,2.0050000,2.0266000,3064
20100530,000000,2.0225000,2.0380000,2.0220000,2.0317000,87
20100531,000000,2.0378000,2.0453000,2.0156000,2.0206000,811
20100601,000000,2.0200000,2.0537000,1.9707000,1.9740000,19077
20100602,000000,1.9745000,2.0550000,1.9668000,2.0498000,16776
20100603,000000,2.0498000,2.0853000,2.0254000,2.0731000,18032
20100604,000000,2.0731000,2.0977000,1.9826000,1.9953000,18309
20100606,000000,1.9858000,1.9862000,1.9609000,1.9779000,284
20100607,000000,1.9820000,2.0228000,1.9733000,1.9984000,13509
20100608,000000,2.0030000,2.0136000,1.9748000,1.9845000,13349
20100609,000000,1.9835000,2.0500000,1.9782000,2.0416000,14793
20100610,000000,2.0410000,2.0885000,2.0235000,2.0757000,15639
20100611,000000,2.0745000,2.0849000,2.0310000,2.0497000,13675
20100613,000000,2.0553000,2.0710000,2.0553000,2.0692000,83
20100614,000000,2.0733000,2.1087000,2.0547000,2.0750000,14668
20100615,000000,2.0722000,2.1277000,2.0605000,2.1177000,14886
20100616,000000,2.1167000,2.1591000,2.0986000,2.1440000,14357
20100617,000000,2.1452000,2.1751000,2.1377000,2.1637000,14336
20100618,000000,2.1619000,2.1678000,2.1372000,2.1476000,10908
20100620,000000,2.1561000,2.1874000,2.1561000,2.1865000,107
20100621,000000,2.1882000,2.1930000,2.1247000,2.1390000,8360
20100622,000000,2.1350000,2.1555000,2.1170000,2.1248000,8279
20100623,000000,2.1287000,2.1329000,2.0666000,2.0850000,7407
20100624,000000,2.0898000,2.0990000,2.0578000,2.0865000,5513
20100625,000000,2.0865000,2.1690000,2.0775000,2.1678000,6501
20100627,000000,2.1638000,2.1700000,2.1600000,2.1640000,176
20100628,000000,2.1600000,2.1615000,2.1245000,2.1245000,4186
20100629,000000,2.1250000,2.1250000,2.0558000,2.0614000,3078
20100630,000000,2.0700000,2.0845000,2.0297000,2.0510000,2284
20100701,000000,2.0478000,2.0491000,1.9712000,2.0060000,19735
20100702,000000,1.9980000,2.0021000,1.9568000,1.9777000,14666
20100705,000000,1.9900000,1.9945000,1.9480000,1.9701000,1824
20100706,000000,1.9698000,2.0340000,1.9690000,1.9735000,14046
20100707,000000,1.9735000,2.0490000,1.9590000,2.0407000,13292
20100708,000000,2.0393000,2.0743000,2.0278000,2.0619000,15616
20100709,000000,2.0636000,2.0800000,2.0430000,2.0700000,12677
20100711,000000,2.0702000,2.0736000,2.0650000,2.0650000,100
20100712,000000,2.0653000,2.0746000,2.0237000,2.0267000,10849
20100713,000000,2.0225000,2.0917000,2.0138000,2.0741000,9298
20100714,000000,2.0740000,2.0941000,2.0585000,2.0666000,13656
20100715,000000,2.0638000,2.0870000,2.0274000,2.0581000,15374
20100716,000000,2.0570000,2.0703000,2.0258000,2.0486000,10820
20100718,000000,2.0386000,2.0470000,2.0341000,2.0462000,73
20100719,000000,2.0480000,2.1000000,2.0369000,2.0722000,13211
20100720,000000,2.0708000,2.0867000,2.0451000,2.0807000,8361
20100721,000000,2.0857000,2.1073000,2.0597000,2.0715000,7778
20100722,000000,2.0650000,2.1493000,2.0630000,2.1415000,10596
20100723,000000,2.1420000,2.1574000,2.1120000,2.1222000,8168
20100725,000000,2.1178000,2.1240000,2.1115000,2.1240000,126
20100726,000000,2.1192000,2.1250000,2.0922000,2.1048000,4717
20100727,000000,2.1057000,2.1180000,2.0460000,2.0560000,7363
20100728,000000,2.0560000,2.0669000,2.0286000,2.0638000,4633
20100729,000000,2.0648000,2.1125000,2.0512000,2.0974000,2003
20100730,000000,2.0847000,2.1225000,2.0605000,2.1224000,2223
20100801,000000,2.1206000,2.1358000,2.1204000,2.1273000,312
20100802,000000,2.1283000,2.1924000,2.1283000,2.1686000,22677
20100803,000000,2.1689000,2.1993000,2.1635000,2.1800000,15222
20100804,000000,2.1805000,2.1980000,2.1607000,2.1670000,15985
20100805,000000,2.1662000,2.1750000,2.1465000,2.1652000,15130
20100806,000000,2.1685000,2.1825000,2.0954000,2.1127000,21583
20100808,000000,2.1150000,2.1200000,2.1135000,2.1200000,105
20100809,000000,2.1229000,2.1433000,2.1070000,2.1100000,11958
20100810,000000,2.1110000,2.1110000,2.0664000,2.0813000,19372
20100811,000000,2.0816000,2.0817000,1.9800000,1.9914000,28185
20100812,000000,1.9902000,1.9960000,1.9490000,1.9795000,20646
20100813,000000,1.9799000,1.9813000,1.9260000,1.9396000,16536
20100815,000000,1.9400000,1.9500000,1.9370000,1.9485000,190
20100816,000000,1.9485000,1.9559000,1.9185000,1.9340000,12724
20100817,000000,1.9346000,1.9715000,1.9322000,1.9427000,14134
20100818,000000,1.9427000,1.9666000,1.9089000,1.9509000,15148
20100819,000000,1.9508000,1.9707000,1.9195000,1.9316000,9332
20100820,000000,1.9287000,1.9369000,1.9085000,1.9251000,7998
20100822,000000,1.9255000,1.9319000,1.9255000,1.9298000,116
20100823,000000,1.9290000,1.9361000,1.8665000,1.8793000,6623
20100824,000000,1.8775000,1.8775000,1.8368000,1.8577000,5138
20100825,000000,1.8524000,1.8806000,1.8241000,1.8806000,7545
20100826,000000,1.8764000,1.9175000,1.8705000,1.9018000,5907
20100827,000000,1.9056000,1.9585000,1.8845000,1.9585000,5213
20100829,000000,1.9578000,1.9614000,1.9575000,1.9575000,16
20100830,000000,1.9571000,1.9571000,1.9280000,1.9310000,2270
20100831,000000,1.9208000,1.9396000,1.8450000,1.8680000,2849
20100901,000000,1.8695000,1.9077000,1.8535000,1.8857000,21985
20100902,000000,1.8880000,1.9274000,1.8737000,1.9141000,18347
20100903,000000,1.9143000,1.9279000,1.8750000,1.9195000,18445
20100905,000000,1.9162000,1.9208000,1.9129000,1.9170000,62
20100906,000000,1.9173000,1.9251000,1.9047000,1.9134000,1762
20100907,000000,1.9088000,1.9661000,1.8816000,1.9250000,24361
20100908,000000,1.9250000,1.9598000,1.9089000,1.9354000,15500
20100909,000000,1.9371000,1.9655000,1.9233000,1.9442000,14863
20100910,000000,1.9450000,1.9787000,1.9440000,1.9745000,18567
20100912,000000,1.9746000,1.9903000,1.9740000,1.9876000,196
20100913,000000,1.9884000,2.0131000,1.9751000,1.9840000,18515
20100914,000000,1.9847000,2.0001000,1.9569000,1.9602000,17870
20100915,000000,1.9607000,1.9665000,1.9357000,1.9425000,15235
20100916,000000,1.9400000,1.9520000,1.9000000,1.9385000,15261
20100917,000000,1.9395000,1.9509000,1.8998000,1.9192000,10237
20100919,000000,1.9191000,1.9329000,1.9191000,1.9246000,74
20100920,000000,1.9266000,1.9724000,1.9151000,1.9465000,11288
20100921,000000,1.9465000,1.9670000,1.9122000,1.9145000,5717
20100922,000000,1.9262000,1.9340000,1.8799000,1.9033000,8512
20100923,000000,1.9061000,1.9323000,1.8747000,1.9124000,6597
20100924,000000,1.9100000,1.9609000,1.9100000,1.9471000,6642
20100926,000000,1.9545000,1.9545000,1.9450000,1.9450000,29
20100927,000000,1.9510000,1.9545000,1.9200000,1.9460000,5471
20100928,000000,1.9350000,1.9772000,1.9313000,1.9479000,3502
20100929,000000,1.9455000,2.0021000,1.9265000,1.9955000,3059
20100930,000000,1.9910000,2.0525000,1.9910000,2.0407000,2478
20101001,000000,2.0438000,2.0946000,2.0401000,2.0940000,26200
20101003,000000,2.0925000,2.1023000,2.0919000,2.0962000,177
20101004,000000,2.0960000,2.1215000,2.0759000,2.0946000,22130
20101005,000000,2.0919000,2.1295000,2.0878000,2.1295000,15554
20101006,000000,2.1298000,2.1650000,2.1117000,2.1641000,17586
20101007,000000,2.1650000,2.2011000,2.1050000,2.1190000,23507
20101008,000000,2.1214000,2.1553000,2.0929000,2.1533000,16730
20101010,000000,2.1545000,2.1664000,2.1534000,2.1664000,383
20101011,000000,2.1642000,2.1726000,2.1421000,2.1552000,12204
20101012,000000,2.1531000,2.1619000,2.1177000,2.1328000,15867
20101013,000000,2.1305000,2.1758000,2.1300000,2.1730000,13131
20101014,000000,2.1740000,2.1850000,2.1183000,2.1385000,15588
20101015,000000,2.1385000,2.1528000,2.0943000,2.1050000,14837
20101017,000000,2.1038000,2.1067000,2.0938000,2.1000000,464
20101018,000000,2.1000000,2.1562000,2.0900000,2.1406000,9892
20101019,000000,2.1406000,2.1441000,2.0368000,2.0575000,17732
20101020,000000,2.0575000,2.0872000,2.0378000,2.0750000,7506
20101021,000000,2.0744000,2.0959000,2.0302000,2.0580000,6102
20101022,000000,2.0580000,2.0747000,2.0364000,2.0705000,4777
20101024,000000,2.0682000,2.0781000,2.0682000,2.0778000,8
20101025,000000,2.0825000,2.1025000,2.0477000,2.0687000,5091
20101026,000000,2.0680000,2.0955000,2.0591000,2.0800000,3850
20101027,000000,2.0808000,2.1057000,2.0560000,2.1057000,3990
20101028,000000,2.1047000,2.1275000,2.0982000,2.1027000,2791
20101029,000000,2.0985000,2.1275000,2.0602000,2.0607000,3723
20101031,000000,2.0600000,2.0749000,2.0600000,2.0730000,131
20101101,000000,2.0730000,2.1278000,2.0686000,2.0993000,19718
20101102,000000,2.1000000,2.1250000,2.0955000,2.1170000,11423
20101103,000000,2.1167000,2.1500000,2.1055000,2.1445000,16508
20101104,000000,2.1449000,2.1893000,2.1438000,2.1890000,12469
20101105,000000,2.1903000,2.1922000,2.1614000,2.1922000,13197
20101107,000000,2.1938000,2.1938000,2.1790000,2.1854000,216
20101108,000000,2.1826000,2.1840000,2.1528000,2.1771000,13497
20101109,000000,2.1790000,2.1962000,2.1569000,2.1842000,15715
20101110,000000,2.1820000,2.2474000,2.1754000,2.2425000,20789
20101111,000000,2.2459000,2.2544000,2.2050000,2.2061000,12956
20101112,000000,2.2100000,2.2561000,2.1888000,2.2126000,18585
20101114,000000,2.2158000,2.2200000,2.2083000,2.2085000,561
20101115,000000,2.2085000,2.2489000,2.1864000,2.1950000,14534
20101116,000000,2.1935000,2.1950000,2.1369000,2.1590000,19184
20101117,000000,2.1552000,2.2000000,2.1313000,2.1856000,13903
20101118,000000,2.1889000,2.2415000,2.1830000,2.2200000,7499
20101119,000000,2.2283000,2.2505000,2.1625000,2.1850000,7969
20101121,000000,2.1974000,2.2100000,2.1960000,2.2086000,91
20101122,000000,2.2086000,2.2150000,2.1303000,2.1350000,7601
20101123,000000,2.1340000,2.1490000,2.1015000,2.1438000,7719
20101124,000000,2.1450000,2.2224000,2.1359000,2.2075000,5094
20101125,000000,2.2095000,2.2300000,2.2050000,2.2110000,291
20101126,000000,2.2128000,2.2265000,2.1984000,2.2116000,1158
20101128,000000,2.2190000,2.2240000,2.2103000,2.2240000,41
20101129,000000,2.2242000,2.2854000,2.2234000,2.2725000,2238
20101130,000000,2.2810000,2.2811000,2.1815000,2.2091000,2929
20101201,000000,2.2118000,2.3069000,2.2112000,2.2981000,19226
20101202,000000,2.3020000,2.3616000,2.2964000,2.3445000,18101
20101203,000000,2.3445000,2.3647000,2.3270000,2.3576000,13484
20101205,000000,2.3584000,2.3668000,2.3556000,2.3612000,250
20101206,000000,2.3616000,2.3699000,2.3262000,2.3365000,12187
20101207,000000,2.3368000,2.3625000,2.2935000,2.2942000,14888
20101208,000000,2.2953000,2.3328000,2.2764000,2.3285000,14745
20101209,000000,2.3285000,2.3617000,2.3000000,2.3391000,17193
20101210,000000,2.3405000,2.3467000,2.2947000,2.3140000,12987
20101213,000000,2.3336000,2.3562000,2.3026000,2.3105000,10218
20101214,000000,2.3097000,2.3239000,2.2800000,2.2864000,11032
20101215,000000,2.2827000,2.3184000,2.2601000,2.3118000,12202
20101216,000000,2.3116000,2.3274000,2.2964000,2.3153000,9081
20101217,000000,2.3140000,2.3443000,2.2945000,2.3220000,8451
20101219,000000,2.3225000,2.3336000,2.3205000,2.3259000,85
20101220,000000,2.3289000,2.3856000,2.3206000,2.3803000,6778
20101221,000000,2.3836000,2.4148000,2.3778000,2.4130000,3567
20101222,000000,2.4135000,2.4285000,2.4073000,2.4250000,3960
20101223,000000,2.4254000,2.4458000,2.4150000,2.4400000,3955
20101226,000000,2.4390000,2.4390000,2.4225000,2.4355000,76
20101227,000000,2.4445000,2.4452000,2.4063000,2.4189000,2575
20101228,000000,2.4173000,2.4314000,2.4025000,2.4110000,2233
20101229,000000,2.4100000,2.4108000,2.3865000,2.4106000,2074
20101230,000000,2.4149000,2.4164000,2.3673000,2.3910000,1930
20101231,000000,2.3938000,2.4650000,2.3869000,2.4532000,1498
20110102,000000,2.4271000,2.4367000,2.4250000,2.4336000,282
20110103,000000,2.4367000,2.4669000,2.4274000,2.4274000,7292
20110105,000000,2.3894000,2.4612000,2.3688000,2.4550000,20333
20110106,000000,2.4542000,2.4739000,2.4238000,2.4465000,16658
20110107,000000,2.4441000,2.4586000,2.3945000,2.4285000,15736
20110109,000000,2.4370000,2.4500000,2.4263000,2.4263000,309
20110110,000000,2.4253000,2.4700000,2.4126000,2.4485000,14228
20110111,000000,2.4476000,2.4883000,2.4350000,2.4664000,14591
20110112,000000,2.4681000,2.4808000,2.4496000,2.4645000,12745
20110113,000000,2.4631000,2.4701000,2.4316000,2.4564000,13896
20110114,000000,2.4571000,2.4960000,2.4493000,2.4919000,11420
20110116,000000,2.4940000,2.4972000,2.4899000,2.4925000,93
20110117,000000,2.4928000,2.4935000,2.4775000,2.4885000,1175
20110118,000000,2.4870000,2.5078000,2.4523000,2.4816000,10781
20110119,000000,2.4816000,2.5011000,2.4725000,2.4810000,7620
20110120,000000,2.4784000,2.4784000,2.3975000,2.4276000,12581
20110121,000000,2.4300000,2.4738000,2.4228000,2.4630000,6067
20110123,000000,2.4585000,2.4704000,2.4585000,2.4704000,115
20110124,000000,2.4734000,2.4751000,2.4035000,2.4060000,4498
20110125,000000,2.4120000,2.4132000,2.3414000,2.3560000,5133
20110126,000000,2.3560000,2.4420000,2.3499000,2.4255000,4323
20110127,000000,2.4274000,2.4369000,2.3800000,2.3885000,2471
20110128,000000,2.3940000,2.4600000,2.3869000,2.4545000,2905
20110130,000000,2.4790000,2.4795000,2.4675000,2.4675000,8
20110131,000000,2.4510000,2.5025000,2.4350000,2.4926000,2186
20110201,000000,2.4935000,2.5339000,2.4837000,2.5137000,12490
20110202,000000,2.5110000,2.5229000,2.4890000,2.5122000,13286
20110203,000000,2.5122000,2.5344000,2.4919000,2.5110000,14501
20110204,000000,2.5083000,2.5188000,2.4290000,2.4459000,22891
20110206,000000,2.4442000,2.4566000,2.4442000,2.4500000,76
20110207,000000,2.4500000,2.4745000,2.4353000,2.4545000,12445
20110208,000000,2.4546000,2.5125000,2.4238000,2.5020000,20755
20110209,000000,2.5020000,2.5335000,2.4811000,2.5323000,14747
20110210,000000,2.5288000,2.5480000,2.4604000,2.4874000,14974
20110211,000000,2.4841000,2.5037000,2.4573000,2.4850000,10502
20110213,000000,2.4891000,2.4891000,2.4803000,2.4885000,126
20110214,000000,2.4888000,2.5524000,2.4774000,2.5280000,14328
20110215,000000,2.5250000,2.5342000,2.4620000,2.4988000,14839
20110216,000000,2.4970000,2.5508000,2.4951000,2.5448000,9969
20110217,000000,2.5417000,2.5554000,2.5226000,2.5286000,6356
20110218,000000,2.5286000,2.5683000,2.4977000,2.5542000,7704
20110220,000000,2.5637000,2.5754000,2.5637000,2.5710000,78
20110221,000000,2.5723000,2.6795000,2.5707000,2.6630000,1663
20110222,000000,2.6735000,2.6810000,2.5967000,2.6232000,7068
20110223,000000,2.6257000,2.7481000,2.6235000,2.7433000,6169
20110224,000000,2.7730000,2.8560000,2.6878000,2.7300000,4392
20110225,000000,2.7419000,2.7474000,2.7064000,2.7390000,2295
20110228,000000,2.7480000,2.9015000,2.7000000,2.9000000,2895
20110301,000000,2.9000000,3.0179000,2.8927000,3.0098000,16983
20110302,000000,3.0101000,3.0477000,2.9772000,3.0095000,18675
20110303,000000,3.0067000,3.0390000,2.9800000,3.0319000,18140
20110304,000000,3.0319000,3.0541000,3.0260000,3.0482000,14035
20110306,000000,3.0465000,3.0800000,3.0400000,3.0750000,291
20110307,000000,3.0752000,3.0936000,2.9871000,2.9943000,18892
20110308,000000,2.9938000,3.0105000,2.9323000,2.9433000,17052
20110309,000000,2.9419000,3.0482000,2.9338000,3.0427000,15860
20110310,000000,3.0429000,3.0485000,2.9612000,3.0063000,18868
20110311,000000,3.0080000,3.0169000,2.9425000,2.9842000,17150
20110314,000000,2.9712000,2.9720000,2.8935000,2.9000000,15043
20110315,000000,2.9017000,2.9073000,2.7730000,2.7913000,27833
20110316,000000,2.7965000,2.8814000,2.7965000,2.8379000,18135
20110317,000000,2.8400000,2.9915000,2.8398000,2.9757000,13064
20110318,000000,2.9816000,2.9975000,2.9226000,2.9650000,12528
20110320,000000,2.9797000,3.0054000,2.9797000,2.9995000,226
20110321,000000,3.0029000,3.0110000,2.9820000,2.9959000,8136
20110322,000000,2.9991000,3.0262000,2.9741000,3.0143000,5198
20110323,000000,3.0069000,3.0350000,2.9973000,3.0207000,5713
20110324,000000,3.0158000,3.0617000,2.9909000,3.0614000,5605
20110325,000000,3.0515000,3.0600000,3.0350000,3.0575000,4151
20110327,000000,3.0474000,3.0580000,3.0447000,3.0447000,53
20110328,000000,3.0420000,3.0551000,3.0133000,3.0200000,3155
20110329,000000,3.0320000,3.0548000,3.0111000,3.0405000,2400
20110330,000000,3.0500000,3.0741000,3.0377000,3.0740000,1773
20110331,000000,3.0845000,3.1250000,3.0800000,3.1098000,3051
20110401,000000,3.1095000,3.1650000,3.0984000,3.1620000,16517
20110404,000000,3.1698000,3.1758000,3.1409000,3.1600000,15380
20110405,000000,3.1613000,3.2038000,3.1463000,3.1852000,16926
20110406,000000,3.1859000,3.2120000,3.1691000,3.1793000,17203
20110407,000000,3.1785000,3.2088000,3.1607000,3.2071000,18017
20110408,000000,3.2071000,3.2715000,3.1970000,3.2650000,18734
20110410,000000,3.2640000,3.2669000,3.2435000,3.2487000,514
20110411,000000,3.2488000,3.2604000,3.1685000,3.1748000,16446
20110412,000000,3.1775000,3.2300000,3.1309000,3.1843000,21331
20110413,000000,3.1841000,3.2560000,3.1621000,3.2375000,23492
20110414,000000,3.2382000,3.2679000,3.2100000,3.2405000,19284
20110415,000000,3.2453000,3.2991000,3.2331000,3.2918000,15629
20110417,000000,3.2930000,3.2933000,3.2810000,3.2884000,110
20110418,000000,3.2889000,3.2891000,3.2333000,3.2450000,12222
20110419,000000,3.2497000,3.2574000,3.1979000,3.2490000,12470
20110420,000000,3.2490000,3.2900000,3.2339000,3.2900000,8581
20110421,000000,3.2900000,3.3180000,3.2643000,3.3179000,8226
20110424,000000,3.3150000,3.3312000,3.3136000,3.3193000,134
20110425,000000,3.3207000,3.3416000,3.2885000,3.3001000,7537
20110426,000000,3.3055000,3.3739000,3.3055000,3.3610000,7011
20110427,000000,3.3533000,3.4500000,3.3477000,3.4457000,5454
20110428,000000,3.4430000,3.4762000,3.3957000,3.4250000,4416
20110429,000000,3.4201000,3.4800000,3.4013000,3.4031000,2932
20110501,000000,3.4100000,3.4125000,3.3691000,3.3768000,588
20110502,000000,3.3805000,3.4155000,3.3100000,3.3345000,16101
20110503,000000,3.3338000,3.3615000,3.3047000,3.3139000,21785
20110504,000000,3.3167000,3.3369000,3.2774000,3.3196000,26237
20110505,000000,3.3185000,3.3350000,3.0600000,3.1210000,43028
20110506,000000,3.1278000,3.1822000,2.9856000,3.1250000,36855
20110508,000000,3.1200000,3.1400000,3.1003000,3.1400000,291
20110509,000000,3.1397000,3.3071000,3.1311000,3.2820000,27630
20110510,000000,3.2821000,3.3853000,3.2310000,3.3400000,29528
20110511,000000,3.3425000,3.3590000,3.0771000,3.1700000,38517
20110512,000000,3.1675000,3.1687000,3.0220000,3.0455000,27226
20110513,000000,3.0463000,3.1388000,3.0445000,3.0780000,17884
20110515,000000,3.0810000,3.0810000,3.0530000,3.0533000,284
20110516,000000,3.0504000,3.0614000,2.9111000,2.9248000,20365
20110517,000000,2.9226000,2.9520000,2.8428000,2.9488000,19999
20110518,000000,2.9392000,2.9775000,2.9276000,2.9575000,14690
20110519,000000,2.9507000,3.0048000,2.8980000,2.9028000,8839
20110520,000000,2.8989000,2.9587000,2.8563000,2.9460000,7790
20110522,000000,2.9498000,2.9541000,2.9232000,2.9232000,109
20110523,000000,2.9200000,2.9551000,2.8661000,2.9526000,6290
20110524,000000,2.9529000,3.0256000,2.9381000,2.9582000,7259
20110525,000000,2.9583000,3.0436000,2.9439000,3.0391000,5861
20110526,000000,3.0363000,3.0609000,3.0127000,3.0609000,2828
20110527,000000,3.0575000,3.1005000,3.0449000,3.1005000,3213
20110530,000000,3.0850000,3.0950000,3.0700000,3.0946000,106
20110531,000000,3.1189000,3.1650000,3.0437000,3.0480000,3683
20110601,000000,3.0445000,3.0575000,2.9688000,2.9827000,24278
20110602,000000,2.9835000,3.0022000,2.9249000,2.9726000,22341
20110603,000000,2.9729000,3.0041000,2.9200000,3.0000000,14995
20110605,000000,3.0000000,3.0051000,2.9840000,2.9877000,214
20110606,000000,2.9850000,3.0080000,2.9284000,2.9364000,14978
20110607,000000,2.9326000,3.0022000,2.9326000,2.9722000,17894
20110608,000000,2.9707000,3.0265000,2.9623000,2.9879000,20797
20110609,000000,2.9879000,3.0500000,2.9697000,3.0347000,16555
20110610,000000,3.0345000,3.0384000,2.9760000,3.0100000,15879
20110612,000000,3.0100000,3.0303000,3.0074000,3.0155000,169
20110613,000000,3.0111000,3.0518000,2.9554000,3.0093000,17844
20110614,000000,3.0094000,3.0708000,3.0024000,3.0511000,18653
20110615,000000,3.0540000,3.0580000,2.9101000,2.9620000,26015
20110616,000000,2.9600000,2.9879000,2.9290000,2.9301000,16630
20110617,000000,2.9335000,2.9520000,2.8745000,2.9460000,13751
20110619,000000,2.9448000,2.9512000,2.9133000,2.9135000,298
20110620,000000,2.9128000,2.9436000,2.9009000,2.9128000,10354
20110621,000000,2.9150000,2.9384000,2.8521000,2.8851000,11027
20110622,000000,2.8851000,2.9800000,2.8825000,2.9425000,9219
20110623,000000,2.9455000,2.9455000,2.7850000,2.8625000,11528
20110624,000000,2.8693000,2.8750000,2.7567000,2.7845000,6908
20110626,000000,2.7807000,2.7900000,2.7638000,2.7638000,93
20110627,000000,2.7638000,2.8279000,2.7348000,2.8230000,4039
20110628,000000,2.8065000,2.8964000,2.8051000,2.8805000,2857
20110629,000000,2.8999000,3.0200000,2.8999000,3.0200000,2873
20110630,000000,3.0191000,3.0404000,2.9540000,2.9584000,3123
20110701,000000,2.9534000,2.9760000,2.9112000,2.9650000,18702
20110703,000000,2.9685000,2.9798000,2.9663000,2.9760000,81
20110704,000000,2.9740000,2.9760000,2.9500000,2.9600000,2905
20110705,000000,2.9611000,3.0166000,2.9450000,2.9890000,18531
20110706,000000,2.9896000,3.0279000,2.9440000,3.0167000,16640
20110707,000000,3.0140000,3.1295000,3.0092000,3.1083000,24885
20110708,000000,3.1091000,3.1293000,3.0700000,3.0985000,20143
20110710,000000,3.0960000,3.0985000,3.0846000,3.0955000,213
20110711,000000,3.0930000,3.1033000,3.0260000,3.0600000,16727
20110712,000000,3.0572000,3.0998000,3.0250000,3.0913000,16785
20110713,000000,3.0913000,3.1750000,3.0862000,3.1352000,18583
20110714,000000,3.1377000,3.1590000,3.0936000,3.1166000,19926
20110715,000000,3.1202000,3.1522000,3.0960000,3.1425000,13699
20110717,000000,3.1440000,3.1519000,3.1328000,3.1350000,194
20110718,000000,3.1386000,3.1387000,3.0485000,3.1030000,18434
20110719,000000,3.1030000,3.1485000,3.1030000,3.1273000,12880
20110720,000000,3.1230000,3.1489000,3.1015000,3.1390000,7992
20110721,000000,3.1384000,3.1572000,3.0895000,3.1147000,6651
20110722,000000,3.1188000,3.1400000,3.0993000,3.1389000,5165
20110724,000000,3.1210000,3.1234000,3.1111000,3.1160000,64
20110725,000000,3.1135000,3.1375000,3.0902000,3.1300000,6195
20110726,000000,3.1324000,3.1700000,3.0952000,3.1635000,5549
20110727,000000,3.1644000,3.1816000,3.1355000,3.1675000,5118
20110728,000000,3.1669000,3.1733000,3.0926000,3.1240000,3472
20110729,000000,3.1182000,3.1220000,3.0562000,3.0592000,2220
20110731,000000,3.0676000,3.1100000,3.0676000,3.0997000,871
20110801,000000,3.0989000,3.1450000,3.0055000,3.0421000,31824
20110802,000000,3.0430000,3.0924000,3.0025000,3.0196000,22799
20110803,000000,3.0196000,3.0200000,2.9136000,2.9160000,29886
20110804,000000,2.9166000,2.9313000,2.7280000,2.7409000,39337
20110805,000000,2.7402000,2.8212000,2.6760000,2.8210000,27624
20110807,000000,2.7900000,2.7934000,2.7400000,2.7428000,978
20110808,000000,2.7425000,2.7667000,2.5870000,2.6695000,24525
20110809,000000,2.6690000,2.7606000,2.6200000,2.7266000,26234
20110810,000000,2.7266000,2.7884000,2.6834000,2.7779000,31053
20110811,000000,2.7790000,2.8390000,2.7450000,2.8205000,22584
20110812,000000,2.8200000,2.8572000,2.8072000,2.8170000,16114
20110814,000000,2.8170000,2.8275000,2.8145000,2.8241000,174
20110815,000000,2.8243000,2.8762000,2.8136000,2.8631000,13389
20110816,000000,2.8649000,2.8751000,2.8289000,2.8695000,13706
20110817,000000,2.8709000,2.9268000,2.8633000,2.8700000,16158
20110818,000000,2.8700000,2.8750000,2.7600000,2.7757000,19839
20110819,000000,2.7722000,2.8688000,2.7435000,2.8675000,12687
20110821,000000,2.8550000,2.8560000,2.7862000,2.7894000,720
20110822,000000,2.7864000,2.8435000,2.7647000,2.8435000,6630
20110823,000000,2.8479000,2.8990000,2.8028000,2.8786000,7240
20110824,000000,2.8786000,2.9106000,2.8540000,2.8861000,5169
20110825,000000,2.8863000,2.9775000,2.8833000,2.9700000,8141
20110826,000000,2.9759000,2.9777000,2.9110000,2.9423000,5806
20110828,000000,2.9270000,2.9270000,2.8765000,2.8865000,113
20110829,000000,2.8941000,2.9513000,2.8915000,2.9143000,3123
20110830,000000,2.9195000,3.0020000,2.8975000,2.9986000,1649
20110831,000000,3.0165000,3.0573000,2.8600000,2.8752000,2036
20110901,000000,2.8752000,2.9186000,2.8525000,2.8881000,19933
20110902,000000,2.8882000,2.8990000,2.7954000,2.8402000,24038
20110904,000000,2.8355000,2.8365000,2.8146000,2.8170000,80
20110905,000000,2.8152000,2.8175000,2.7702000,2.7855000,2382
20110906,000000,2.7820000,2.8430000,2.7746000,2.8276000,21768
20110907,000000,2.8306000,2.9175000,2.8234000,2.9092000,19232
20110908,000000,2.9076000,2.9166000,2.8643000,2.8827000,16419
20110909,000000,2.8816000,2.8861000,2.7617000,2.7675000,25600
20110911,000000,2.7600000,2.7600000,2.7349000,2.7349000,373
20110912,000000,2.7373000,2.7767000,2.7064000,2.7513000,21944
20110913,000000,2.7515000,2.7645000,2.7181000,2.7230000,17488
20110914,000000,2.7184000,2.7460000,2.6844000,2.7258000,17526
20110915,000000,2.7262000,2.8071000,2.7159000,2.7936000,20764
20110916,000000,2.7886000,2.8384000,2.7788000,2.7800000,16065
20110918,000000,2.7655000,2.7824000,2.7576000,2.7608000,125
20110919,000000,2.7593000,2.7783000,2.6875000,2.7022000,12271
20110920,000000,2.6926000,2.7345000,2.6832000,2.7075000,12378
20110921,000000,2.7052000,2.7373000,2.6243000,2.6310000,8999
20110922,000000,2.6280000,2.6281000,2.5407000,2.5771000,11333
20110923,000000,2.5725000,2.6129000,2.5355000,2.5630000,6391
20110925,000000,2.5610000,2.5804000,2.5525000,2.5572000,101
20110926,000000,2.5546000,2.6175000,2.5150000,2.6055000,5445
20110927,000000,2.6155000,2.7055000,2.6096000,2.6634000,5837
20110928,000000,2.6595000,2.7063000,2.6207000,2.6450000,4598
20110929,000000,2.6805000,2.6835000,2.6168000,2.6630000,2648
20110930,000000,2.6325000,2.6469000,2.5393000,2.5395000,2320
20111002,000000,2.5420000,2.5420000,2.5191000,2.5248000,272
20111003,000000,2.5220000,2.5446000,2.4925000,2.5024000,22134
20111004,000000,2.5074000,2.5528000,2.4673000,2.5329000,19645
20111005,000000,2.5371000,2.5814000,2.5157000,2.5686000,21415
20111006,000000,2.5701000,2.6917000,2.5645000,2.6830000,29643
20111007,000000,2.6790000,2.6893000,2.6113000,2.6539000,20732
20111009,000000,2.6502000,2.6669000,2.6500000,2.6561000,114
20111010,000000,2.6607000,2.7219000,2.6499000,2.6994000,19000
20111011,000000,2.7038000,2.7560000,2.6685000,2.7443000,23169
20111012,000000,2.7458000,2.7713000,2.7276000,2.7480000,16114
20111013,000000,2.7447000,2.7710000,2.7066000,2.7620000,16583
20111014,000000,2.7657000,2.8404000,2.7633000,2.8379000,20333
20111016,000000,2.8422000,2.8545000,2.8314000,2.8314000,136
20111017,000000,2.8323000,2.8667000,2.7342000,2.7523000,15674
20111018,000000,2.7440000,2.7690000,2.6822000,2.7545000,15236
20111019,000000,2.7620000,2.7710000,2.6571000,2.6590000,14918
20111020,000000,2.6583000,2.6962000,2.6115000,2.6750000,9089
20111021,000000,2.6708000,2.7361000,2.6567000,2.6900000,7500
20111023,000000,2.6870000,2.7000000,2.6800000,2.7000000,38
20111024,000000,2.7093000,2.7233000,2.6668000,2.6805000,6472
20111025,000000,2.6864000,2.7100000,2.6066000,2.7100000,7388
20111026,000000,2.7068000,2.7156000,2.6469000,2.6860000,7328
20111027,000000,2.6950000,2.7710000,2.6835000,2.7300000,4998
20111028,000000,2.7300000,2.7436000,2.6739000,2.6850000,3483
20111030,000000,2.6900000,2.6900000,2.6600000,2.6600000,25
20111031,000000,2.6675000,2.6762000,2.5861000,2.5861000,2123
20111101,000000,2.5856000,2.6271000,2.5336000,2.6165000,25402
20111102,000000,2.6157000,2.6879000,2.6018000,2.6037000,24852
20111103,000000,2.6034000,2.6543000,2.5900000,2.6515000,18984
20111104,000000,2.6517000,2.6889000,2.6377000,2.6852000,14344
20111106,000000,2.6820000,2.7031000,2.6820000,2.6985000,158
20111107,000000,2.6986000,2.7443000,2.6606000,2.7252000,22781
20111108,000000,2.7341000,2.7576000,2.6911000,2.7274000,21131
20111109,000000,2.7281000,2.7295000,2.6275000,2.6470000,23105
20111110,000000,2.6476000,2.6700000,2.6005000,2.6440000,45476
20111111,000000,2.6429000,2.6590000,2.5876000,2.6067000,19531
20111113,000000,2.6043000,2.6105000,2.5904000,2.6040000,437
20111114,000000,2.6060000,2.6150000,2.4940000,2.5276000,34690
20111115,000000,2.5242000,2.5985000,2.5195000,2.5783000,18419
20111116,000000,2.5751000,2.6326000,2.5615000,2.6025000,18444
20111117,000000,2.6025000,2.6195000,2.4755000,2.5030000,18399
20111118,000000,2.5052000,2.5414000,2.4550000,2.4903000,10558
20111120,000000,2.4825000,2.4910000,2.4765000,2.4889000,107
20111121,000000,2.4874000,2.5064000,2.4527000,2.5015000,7949
20111122,000000,2.4974000,2.5650000,2.4974000,2.5190000,8708
20111123,000000,2.5160000,2.5357000,2.4970000,2.5337000,7224
20111124,000000,2.5343000,2.5518000,2.5177000,2.5222000,321
20111125,000000,2.5267000,2.5304000,2.4440000,2.4489000,3291
20111127,000000,2.4702000,2.4954000,2.4702000,2.4900000,165
20111128,000000,2.4991000,2.5471000,2.4885000,2.5100000,4399
20111129,000000,2.5100000,2.5645000,2.5075000,2.5453000,3473
20111130,000000,2.5295000,2.5915000,2.5290000,2.5676000,1767
20111201,000000,2.5702000,2.6186000,2.5264000,2.6147000,20293
20111202,000000,2.6162000,2.6500000,2.5823000,2.6310000,22365
20111204,000000,2.6312000,2.6541000,2.6309000,2.6493000,262
20111205,000000,2.6512000,2.6777000,2.5942000,2.6044000,20165
20111206,000000,2.6062000,2.6479000,2.5982000,2.6365000,15645
20111207,000000,2.6354000,2.6496000,2.5815000,2.5941000,19482
20111208,000000,2.5950000,2.6184000,2.5496000,2.5686000,16711
20111209,000000,2.5661000,2.6131000,2.5476000,2.6025000,16567
20111211,000000,2.5994000,2.6122000,2.5961000,2.5967000,117
20111212,000000,2.5965000,2.6151000,2.5600000,2.5708000,16595
20111213,000000,2.5701000,2.6754000,2.5700000,2.6188000,21701
20111214,000000,2.6268000,2.9475000,2.4880000,2.5240000,24543
20111215,000000,2.5290000,2.5479000,2.4844000,2.5085000,15108
20111216,000000,2.5083000,2.5274000,2.4733000,2.4925000,14200
20111218,000000,2.4930000,2.4955000,2.4765000,2.4798000,294
20111219,000000,2.4812000,2.5280000,2.4790000,2.5074000,8208
20111220,000000,2.5080000,2.5985000,2.5010000,2.5853000,8228
20111221,000000,2.5830000,2.6266000,2.5670000,2.6202000,5658
20111222,000000,2.6245000,2.6506000,2.6100000,2.6479000,3819
20111223,000000,2.6460000,2.7008000,2.6307000,2.6999000,3115
20111226,000000,2.6900000,2.6918000,2.6818000,2.6818000,71
20111227,000000,2.6837000,2.7151000,2.6725000,2.6872000,2568
20111228,000000,2.6871000,2.6912000,2.6388000,2.6500000,3274
20111229,000000,2.6521000,2.6945000,2.6365000,2.6796000,2041
20111230,000000,2.6879000,2.7189000,2.6370000,2.6370000,2191
20120102,000000,2.6659000,2.6875000,2.6650000,2.6867000,118
20120103,000000,2.6875000,2.7643000,2.6871000,2.7477000,23435
20120104,000000,2.7486000,2.7891000,2.7283000,2.7778000,21515
20120105,000000,2.7778000,2.7970000,2.7300000,2.7357000,21666
20120106,000000,2.7327000,2.7650000,2.7209000,2.7645000,19016
20120108,000000,2.7696000,2.7729000,2.7498000,2.7533000,231
20120109,000000,2.7530000,2.7740000,2.7420000,2.7702000,18953
20120110,000000,2.7710000,2.7981000,2.7660000,2.7761000,13320
20120111,000000,2.7746000,2.7938000,2.7328000,2.7757000,19190
20120112,000000,2.7796000,2.8245000,2.7178000,2.7585000,22774
20120113,000000,2.7600000,2.7679000,2.7192000,2.7488000,22177
20120115,000000,2.7488000,2.7500000,2.7396000,2.7496000,131
20120116,000000,2.7500000,2.7855000,2.7458000,2.7855000,2622
20120117,000000,2.7868000,2.8081000,2.7509000,2.7860000,14920
20120118,000000,2.7836000,2.8529000,2.7676000,2.8331000,24313
20120119,000000,2.8329000,2.8398000,2.7918000,2.8194000,12170
20120120,000000,2.8206000,2.8234000,2.7627000,2.7855000,8222
20120122,000000,2.7813000,2.7902000,2.7731000,2.7860000,56
20120123,000000,2.7842000,2.8142000,2.7770000,2.7775000,4814
20120124,000000,2.7794000,2.8180000,2.7613000,2.8143000,5229
20120125,000000,2.8120000,2.8597000,2.7940000,2.8507000,5255
20120126,000000,2.8524000,2.8649000,2.8324000,2.8454000,4264
20120127,000000,2.8434000,2.9677000,2.8379000,2.9273000,4329
20120129,000000,2.9090000,2.9090000,2.8971000,2.9000000,31
20120130,000000,2.9100000,2.9111000,2.8500000,2.8744000,2178
20120131,000000,2.8891000,2.9092000,2.8749000,2.9058000,1962
20120201,000000,2.9058000,2.9487000,2.8826000,2.8906000,26225
20120202,000000,2.8920000,2.8986000,2.8410000,2.8788000,23670
20120203,000000,2.8772000,2.9259000,2.8718000,2.9191000,19406
20120205,000000,2.9174000,2.9191000,2.9052000,2.9121000,273
20120206,000000,2.9115000,2.9438000,2.8912000,2.9206000,16715
20120207,000000,2.9197000,2.9541000,2.9172000,2.9275000,20532
20120208,000000,2.9275000,2.9893000,2.9239000,2.9817000,22664
20120209,000000,2.9867000,3.0162000,2.9799000,3.0085000,19202
20120210,000000,3.0095000,3.0104000,2.9607000,2.9850000,23367
20120212,000000,2.9890000,3.0061000,2.9890000,3.0029000,344
20120213,000000,3.0047000,3.0220000,2.9914000,2.9981000,17683
20120214,000000,2.9965000,3.0181000,2.9733000,3.0015000,19635
20120215,000000,3.0024000,3.0366000,2.9839000,3.0000000,17787
20120216,000000,3.0000000,3.0514000,2.9867000,3.0448000,15546
20120217,000000,3.0456000,3.0525000,3.0021000,3.0281000,7359
20120219,000000,3.0440000,3.0568000,3.0440000,3.0547000,91
20120220,000000,3.0547000,3.0578000,3.0279000,3.0472000,1089
20120221,000000,3.0439000,3.0858000,3.0216000,3.0628000,6818
20120222,000000,3.0655000,3.1043000,3.0465000,3.0829000,5730
20120223,000000,3.0890000,3.1255000,3.0700000,3.1177000,4319
20120224,000000,3.1177000,3.1548000,3.1046000,3.1477000,2642
20120226,000000,3.1487000,3.1531000,3.1480000,3.1480000,73
20120227,000000,3.1440000,3.1440000,3.0974000,3.1151000,3222
20120228,000000,3.1196000,3.1196000,3.0349000,3.0385000,2006
20120229,000000,3.0600000,3.2665000,3.0240000,3.2588000,2328
20120301,000000,3.2576000,3.3868000,3.2550000,3.3217000,31141
20120302,000000,3.3200000,3.3267000,3.2650000,3.2808000,24799
20120304,000000,3.2780000,3.2936000,3.2700000,3.2789000,252
20120305,000000,3.2789000,3.2874000,3.2475000,3.2605000,18966
20120306,000000,3.2600000,3.2633000,3.2138000,3.2459000,20910
20120307,000000,3.2459000,3.2945000,3.2381000,3.2905000,27413
20120308,000000,3.2908000,3.3295000,3.2901000,3.3177000,22871
20120309,000000,3.3177000,3.3407000,3.2961000,3.3388000,18086
20120311,000000,3.3345000,3.3352000,3.3260000,3.3261000,334
20120312,000000,3.3273000,3.3450000,3.2969000,3.3411000,14945
20120313,000000,3.3435000,3.3704000,3.3224000,3.3680000,18880
20120314,000000,3.3670000,3.3809000,3.3326000,3.3422000,20526
20120315,000000,3.3397000,3.3498000,3.2563000,3.2931000,26740
20120316,000000,3.2879000,3.3660000,3.2839000,3.3612000,17354
20120318,000000,3.3585000,3.3667000,3.3570000,3.3637000,88
20120319,000000,3.3658000,3.3846000,3.3460000,3.3588000,14095
20120320,000000,3.3585000,3.3708000,3.3187000,3.3660000,18059
20120321,000000,3.3661000,3.3738000,3.3398000,3.3400000,8430
20120322,000000,3.3400000,3.3576000,3.2953000,3.3500000,9938
20120323,000000,3.3500000,3.4248000,3.3400000,3.3820000,8186
20120325,000000,3.3851000,3.3862000,3.3815000,3.3815000,44
20120326,000000,3.3815000,3.4183000,3.3760000,3.4053000,5149
20120327,000000,3.4031000,3.4189000,3.3816000,3.3816000,5828
20120328,000000,3.3812000,3.4100000,3.3439000,3.4000000,5169
20120329,000000,3.4027000,3.4455000,3.3729000,3.4050000,4396
20120330,000000,3.4097000,3.4412000,3.3209000,3.3255000,2574
20120401,000000,3.3232000,3.3383000,3.3208000,3.3383000,299
20120402,000000,3.3385000,3.3919000,3.2776000,3.3792000,31640
20120403,000000,3.3800000,3.4278000,3.3659000,3.3987000,27024
20120404,000000,3.3989000,3.4113000,3.3049000,3.3367000,34744
20120405,000000,3.3392000,3.3457000,3.2945000,3.3400000,19929
20120408,000000,3.3336000,3.3336000,3.3100000,3.3146000,241
20120409,000000,3.3132000,3.3156000,3.2555000,3.2935000,18631
20120410,000000,3.2935000,3.2977000,3.2325000,3.2466000,25388
20120411,000000,3.2473000,3.2995000,3.2317000,3.2940000,28059
20120412,000000,3.2932000,3.3774000,3.2820000,3.3480000,27401
20120413,000000,3.3470000,3.3650000,3.3200000,3.3491000,20968
20120415,000000,3.3435000,3.3502000,3.3162000,3.3187000,482
20120416,000000,3.3195000,3.3325000,3.2571000,3.2574000,22755
20120417,000000,3.2576000,3.2766000,3.2166000,3.2255000,21472
20120418,000000,3.2252000,3.2271000,3.1411000,3.2108000,26071
20120419,000000,3.2096000,3.2275000,3.1350000,3.1552000,12872
20120420,000000,3.1575000,3.1820000,3.1387000,3.1533000,9160
20120422,000000,3.1425000,3.1478000,3.1404000,3.1451000,132
20120423,000000,3.1472000,3.1888000,3.1052000,3.1803000,8693
20120424,000000,3.1801000,3.1829000,3.1400000,3.1576000,6687
20120425,000000,3.1577000,3.1746000,3.1107000,3.1557000,8057
20120426,000000,3.1527000,3.1872000,3.1468000,3.1790000,3936
20120427,000000,3.1725000,3.2100000,3.1694000,3.2040000,5575
20120429,000000,3.2062000,3.2062000,3.2060000,3.2060000,15
20120430,000000,3.2060000,3.2100000,3.1052000,3.1082000,3758
20120501,000000,3.1082000,3.1234000,3.0745000,3.0993000,27670
20120502,000000,3.0995000,3.1094000,3.0600000,3.0797000,26070
20120503,000000,3.0803000,3.0983000,3.0450000,3.0520000,23000
20120504,000000,3.0520000,3.0520000,2.9407000,2.9838000,34316
20120506,000000,2.9755000,2.9763000,2.9102000,2.9650000,2254
20120507,000000,2.9607000,2.9888000,2.9480000,2.9872000,17987
20120508,000000,2.9888000,3.0179000,2.9352000,2.9984000,23213
20120509,000000,2.9980000,3.0258000,2.9740000,3.0165000,28644
20120510,000000,3.0169000,3.0249000,2.9832000,2.9853000,21404
20120511,000000,2.9881000,3.0131000,2.9759000,3.0005000,17186
20120513,000000,2.9950000,3.0037000,2.9950000,3.0004000,164
20120514,000000,3.0006000,3.0013000,2.9432000,2.9499000,17857
20120515,000000,2.9483000,2.9766000,2.9223000,2.9299000,20102
20120516,000000,2.9300000,2.9551000,2.9030000,2.9162000,19586
20120517,000000,2.9162000,2.9300000,2.8660000,2.8711000,20423
20120518,000000,2.8690000,2.9082000,2.8580000,2.8900000,18624
20120520,000000,2.8895000,2.9126000,2.8825000,2.9113000,219
20120521,000000,2.9083000,2.9536000,2.8988000,2.9410000,9313
20120522,000000,2.9436000,2.9589000,2.9219000,2.9364000,8051
20120523,000000,2.9306000,2.9340000,2.8661000,2.8810000,10377
20120524,000000,2.8810000,2.8916000,2.8550000,2.8694000,6445
20120525,000000,2.8725000,2.9020000,2.8679000,2.8910000,5077
20120527,000000,2.9063000,2.9103000,2.9063000,2.9100000,24
20120528,000000,2.9100000,2.9248000,2.8990000,2.9036000,707
20120529,000000,2.9068000,2.9400000,2.8903000,2.9071000,5336
20120530,000000,2.9065000,2.9065000,2.8368000,2.8478000,4226
20120531,000000,2.8461000,2.8547000,2.7058000,2.7151000,2491
20120601,000000,2.7154000,2.7164000,2.6326000,2.6620000,33190
20120603,000000,2.6580000,2.6640000,2.6300000,2.6303000,488
20120604,000000,2.6300000,2.6888000,2.5971000,2.6854000,22557
20120605,000000,2.6852000,2.6958000,2.6441000,2.6939000,20088
20120606,000000,2.6902000,2.7263000,2.6825000,2.6950000,23438
20120607,000000,2.6962000,2.7257000,2.6461000,2.6565000,27137
20120608,000000,2.6608000,2.7008000,2.6208000,2.6925000,23068
20120610,000000,2.6852000,2.7523000,2.6852000,2.7323000,592
20120611,000000,2.7353000,2.7387000,2.6285000,2.6556000,24805
20120612,000000,2.6454000,2.6685000,2.6311000,2.6506000,24077
20120613,000000,2.6510000,2.6922000,2.6369000,2.6617000,24049
20120614,000000,2.6629000,2.6979000,2.6351000,2.6949000,16535
20120615,000000,2.6967000,2.7074000,2.6702000,2.7000000,15005
20120617,000000,2.7199000,2.7303000,2.7095000,2.7232000,329
20120618,000000,2.7234000,2.7280000,2.6490000,2.6569000,17948
20120619,000000,2.6523000,2.6680000,2.6277000,2.6507000,19134
20120620,000000,2.6509000,2.6539000,2.5724000,2.5750000,10374
20120621,000000,2.5788000,2.6075000,2.5376000,2.5650000,9198
20120622,000000,2.5647000,2.6019000,2.5443000,2.5950000,7533
20120624,000000,2.5975000,2.6116000,2.5895000,2.6006000,273
20120625,000000,2.6029000,2.6532000,2.5764000,2.6468000,7728
20120626,000000,2.6458000,2.6700000,2.6200000,2.6425000,6528
20120627,000000,2.6400000,2.6540000,2.5931000,2.6236000,5468
20120628,000000,2.6175000,2.6280000,2.5900000,2.6238000,3490
20120629,000000,2.6451000,2.7425000,2.6245000,2.6300000,3165
20120701,000000,2.6338000,2.6398000,2.6005000,2.6005000,619
20120702,000000,2.6022000,2.6485000,2.5700000,2.6452000,29084
20120703,000000,2.6452000,2.7335000,2.6284000,2.7175000,27345
20120704,000000,2.7187000,2.7208000,2.6954000,2.7084000,2056
20120705,000000,2.7049000,2.7950000,2.7008000,2.7377000,26186
20120706,000000,2.7474000,2.7527000,2.7115000,2.7150000,20247
20120708,000000,2.7200000,2.7325000,2.7185000,2.7265000,419
20120709,000000,2.7275000,2.7764000,2.7042000,2.7331000,21736
20120710,000000,2.7360000,2.7797000,2.7300000,2.7401000,22502
20120711,000000,2.7393000,2.7828000,2.7329000,2.7649000,21633
20120712,000000,2.7659000,2.8144000,2.7414000,2.8013000,19597
20120713,000000,2.8025000,2.8291000,2.7980000,2.8100000,18489
20120715,000000,2.8125000,2.8234000,2.8071000,2.8193000,299
20120716,000000,2.8193000,2.8668000,2.8115000,2.8642000,14413
20120717,000000,2.8643000,2.8898000,2.8316000,2.8486000,18982
20120718,000000,2.8478000,2.9037000,2.8439000,2.8944000,18267
20120719,000000,2.8963000,2.9428000,2.8911000,2.9254000,15244
20120720,000000,2.9243000,2.9447000,2.8784000,2.9420000,8017
20120722,000000,2.9410000,2.9440000,2.9200000,2.9200000,122
20120723,000000,2.9194000,2.9194000,2.8470000,2.8949000,9982
20120724,000000,2.8932000,2.8980000,2.7900000,2.7940000,8067
20120725,000000,2.7940000,2.8095000,2.7298000,2.7900000,8370
20120726,000000,2.7965000,2.8485000,2.7835000,2.8270000,3792
20120727,000000,2.8315000,2.8913000,2.8192000,2.8913000,4845
20120729,000000,2.8941000,2.9227000,2.8941000,2.9227000,138
20120730,000000,2.9093000,2.9456000,2.8923000,2.9200000,2218
20120731,000000,2.9200000,2.9410000,2.7612000,2.7690000,2421
20120801,000000,2.7723000,2.8533000,2.7723000,2.8448000,28150
20120802,000000,2.8418000,2.8934000,2.8338000,2.8653000,29963
20120803,000000,2.8737000,2.9508000,2.8590000,2.9299000,25006
20120805,000000,2.9275000,2.9330000,2.9150000,2.9205000,276
20120806,000000,2.9193000,2.9345000,2.8599000,2.9180000,16670
20120807,000000,2.9180000,3.0088000,2.9128000,2.9800000,20538
20120808,000000,2.9839000,3.0225000,2.9671000,2.9785000,19364
20120809,000000,2.9790000,3.0236000,2.9634000,3.0031000,21416
20120810,000000,3.0031000,3.0200000,2.9573000,3.0200000,15698
20120812,000000,3.0172000,3.0311000,3.0118000,3.0212000,184
20120813,000000,3.0210000,3.0435000,2.9872000,2.9939000,17307
20120814,000000,2.9970000,3.0124000,2.9707000,3.0059000,14754
20120815,000000,3.0076000,3.0890000,3.0006000,3.0754000,22864
20120816,000000,3.0767000,3.0943000,3.0491000,3.0512000,15636
20120817,000000,3.0553000,3.0654000,3.0054000,3.0287000,15907
20120819,000000,3.0285000,3.0370000,3.0251000,3.0262000,99
20120820,000000,3.0274000,3.0484000,3.0162000,3.0306000,12981
20120821,000000,3.0317000,3.0825000,3.0315000,3.0600000,10642
20120822,000000,3.0638000,3.1392000,3.0425000,3.1392000,11069
20120823,000000,3.1385000,3.1503000,3.0946000,3.1199000,8234
20120824,000000,3.1106000,3.1399000,3.0575000,3.0710000,6551
20120826,000000,3.1012000,3.2050000,3.1012000,3.1950000,1458
20120827,000000,3.1866000,3.2050000,3.1167000,3.1583000,6558
20120828,000000,3.1570000,3.1714000,3.0940000,3.1215000,6157
20120829,000000,3.1200000,3.1362000,3.0841000,3.1050000,2886
20120830,000000,3.1109000,3.1159000,3.0640000,3.0790000,3800
20120831,000000,3.0971000,3.1299000,2.9709000,2.9715000,1645
20120902,000000,2.9715000,2.9715000,2.9565000,2.9605000,229
20120903,000000,2.9609000,3.0010000,2.9538000,2.9974000,2997
20120904,000000,2.9888000,3.0032000,2.9473000,2.9517000,26764
20120905,000000,2.9520000,2.9671000,2.9368000,2.9582000,21460
20120906,000000,2.9581000,3.0203000,2.9579000,2.9921000,28810
20120907,000000,2.9897000,3.0541000,2.9897000,3.0323000,25658
20120909,000000,3.0235000,3.0321000,3.0235000,3.0321000,256
20120910,000000,3.0323000,3.0450000,2.9920000,3.0260000,19279
20120911,000000,3.0225000,3.0575000,3.0182000,3.0574000,14981
20120912,000000,3.0572000,3.0796000,2.9813000,2.9955000,23292
20120913,000000,2.9969000,2.9987000,2.9126000,2.9940000,25830
20120914,000000,2.9935000,3.0382000,2.9901000,3.0225000,18910
20120916,000000,3.0272000,3.0272000,3.0178000,3.0239000,144
20120917,000000,3.0235000,3.0261000,2.8609000,2.9589000,25033
20120918,000000,2.9512000,2.9689000,2.8909000,2.9310000,13415
20120919,000000,2.9314000,2.9380000,2.8031000,2.8350000,18770
20120920,000000,2.8344000,2.9261000,2.8295000,2.9172000,11910
20120921,000000,2.9119000,2.9545000,2.9090000,2.9426000,7579
20120923,000000,2.9425000,2.9465000,2.9125000,2.9179000,224
20120924,000000,2.9211000,2.9341000,2.8994000,2.9204000,6745
20120925,000000,2.9170000,3.0012000,2.9170000,3.0012000,8014
20120926,000000,2.9968000,3.0874000,2.9807000,3.0694000,6090
20120927,000000,3.0792000,3.2086000,3.0792000,3.1522000,3974
20120928,000000,3.1489000,3.4258000,2.9092000,2.9147000,2719
20120930,000000,2.9147000,2.9283000,2.9147000,2.9176000,819
20121001,000000,2.9187000,2.9564000,2.8875000,2.9181000,20990
20121002,000000,2.9190000,2.9284000,2.8571000,2.8616000,21757
20121003,000000,2.8597000,2.8597000,2.7538000,2.8226000,35257
20121004,000000,2.8239000,2.9480000,2.8170000,2.9293000,32134
20121005,000000,2.9299000,2.9800000,2.9138000,2.9536000,23085
20121007,000000,2.9500000,2.9552000,2.9500000,2.9525000,322
20121008,000000,2.9527000,2.9636000,2.8890000,2.9177000,17475
20121009,000000,2.9175000,2.9825000,2.8986000,2.9554000,18672
20121010,000000,2.9555000,2.9929000,2.9445000,2.9599000,14973
20121011,000000,2.9600000,2.9735000,2.9258000,2.9325000,18765
20121012,000000,2.9337000,2.9427000,2.8605000,2.8956000,21417
20121014,000000,2.8750000,2.8933000,2.8750000,2.8851000,153
20121015,000000,2.8771000,2.8988000,2.8368000,2.8525000,14789
20121016,000000,2.8521000,2.8760000,2.8294000,2.8400000,14829
20121017,000000,2.8410000,2.8532000,2.7740000,2.7864000,15614
20121018,000000,2.7863000,2.7891000,2.7112000,2.7538000,20387
20121019,000000,2.7530000,2.7861000,2.6905000,2.7010000,12427
20121021,000000,2.6900000,2.7177000,2.6825000,2.7177000,163
20121022,000000,2.7175000,2.7200000,2.6425000,2.6501000,7884
20121023,000000,2.6511000,2.6511000,2.5690000,2.6191000,8224
20121024,000000,2.6148000,2.6294000,2.5700000,2.6107000,6216
20121025,000000,2.6170000,2.6909000,2.6170000,2.6766000,6098
20121026,000000,2.6739000,2.7320000,2.6637000,2.7000000,5840
20121028,000000,2.7155000,2.7500000,2.7139000,2.7299000,544
20121029,000000,2.7250000,2.8115000,2.7170000,2.7368000,3382
20121030,000000,2.7383000,2.7980000,2.6916000,2.7980000,1384
20121031,000000,2.8169000,2.9375000,2.6270000,2.6355000,2231
20121101,000000,2.6334000,2.6726000,2.6255000,2.6265000,21135
20121102,000000,2.6270000,2.6545000,2.5661000,2.5790000,22218
20121104,000000,2.5736000,2.5840000,2.5524000,2.5788000,269
20121105,000000,2.5793000,2.6350000,2.5595000,2.6309000,19734
20121106,000000,2.6296000,2.7150000,2.6150000,2.6881000,24463
20121107,000000,2.6916000,2.7064000,2.5767000,2.6139000,26123
20121108,000000,2.6128000,2.6291000,2.5755000,2.6187000,18850
20121109,000000,2.6157000,2.7085000,2.6012000,2.7025000,20934
20121111,000000,2.7030000,2.7254000,2.7007000,2.7186000,394
20121112,000000,2.7182000,2.7468000,2.6568000,2.6600000,21739
20121113,000000,2.6629000,2.6711000,2.6276000,2.6578000,13819
20121114,000000,2.6575000,2.7096000,2.6465000,2.6972000,17312
20121115,000000,2.6950000,2.7090000,2.6527000,2.6877000,16563
20121116,000000,2.6862000,2.7222000,2.6831000,2.7155000,13280
20121118,000000,2.7200000,2.7400000,2.7200000,2.7306000,151
20121119,000000,2.7296000,2.7727000,2.7125000,2.7493000,67322
20121120,000000,2.7475000,2.7494000,2.6808000,2.7288000,9040
20121121,000000,2.7298000,2.7594000,2.7113000,2.7540000,8357
20121122,000000,2.7544000,2.7544000,2.7218000,2.7250000,525
20121123,000000,2.7250000,2.7600000,2.7206000,2.7439000,2510
20121125,000000,2.7477000,2.7508000,2.7417000,2.7436000,55
20121126,000000,2.7420000,2.7466000,2.7158000,2.7295000,4157
20121127,000000,2.7295000,2.7485000,2.7056000,2.7360000,4824
20121128,000000,2.7335000,2.7404000,2.6832000,2.7381000,4341
20121129,000000,2.7409000,2.7920000,2.7362000,2.7734000,3211
20121130,000000,2.7737000,2.8016000,2.7315000,2.7350000,3183
20121202,000000,2.7274000,2.7473000,2.7265000,2.7436000,252
20121203,000000,2.7419000,2.7627000,2.7156000,2.7166000,17516
20121204,000000,2.7191000,2.7255000,2.6759000,2.6864000,20210
20121205,000000,2.6855000,2.6949000,2.6354000,2.6370000,26681
20121206,000000,2.6377000,2.6589000,2.5893000,2.5996000,26442
20121207,000000,2.6008000,2.6248000,2.5933000,2.6071000,21713
20121209,000000,2.6141000,2.6153000,2.6061000,2.6127000,162
20121210,000000,2.6175000,2.6397000,2.5937000,2.5995000,15234
20121211,000000,2.5999000,2.6282000,2.5996000,2.6225000,11984
20121212,000000,2.6274000,2.6668000,2.6244000,2.6452000,23558
20121213,000000,2.6454000,2.6488000,2.5994000,2.6203000,19486
20121214,000000,2.6205000,2.6698000,2.6201000,2.6621000,19022
20121216,000000,2.6650000,2.6674000,2.6625000,2.6642000,145
20121217,000000,2.6673000,2.6816000,2.6529000,2.6705000,14723
20121218,000000,2.6712000,2.7068000,2.6683000,2.6920000,11153
20121219,000000,2.6937000,2.7485000,2.6913000,2.7416000,10359
20121220,000000,2.7416000,2.7773000,2.7278000,2.7465000,6509
20121221,000000,2.7495000,2.7563000,2.7180000,2.7398000,7246
20121223,000000,2.7413000,2.7472000,2.7328000,2.7355000,32
20121224,000000,2.7330000,2.7531000,2.7131000,2.7516000,2080
20121225,000000,2.7534000,2.7590000,2.7528000,2.7562000,6
20121226,000000,2.7552000,2.8242000,2.7530000,2.8199000,2822
20121227,000000,2.8199000,2.8392000,2.7959000,2.8310000,3029
20121228,000000,2.8358000,2.8383000,2.7851000,2.7995000,4406
20121231,000000,2.7943000,2.8271000,2.7614000,2.7642000,1802
20130101,000000,2.7641000,2.7921000,2.7605000,2.7911000,340
20130102,000000,2.7911000,2.8136000,2.7810000,2.7921000,19916
20130103,000000,2.7905000,2.8073000,2.7793000,2.7807000,16823
20130104,000000,2.7824000,2.7837000,2.7447000,2.7648000,21357
20130106,000000,2.7648000,2.7692000,2.7579000,2.7620000,325
20130107,000000,2.7605000,2.7905000,2.7433000,2.7879000,20610
20130108,000000,2.7875000,2.8087000,2.7714000,2.7756000,21386
20130109,000000,2.7765000,2.7823000,2.7528000,2.7787000,21283
20130110,000000,2.7788000,2.8182000,2.7775000,2.7779000,23026
20130111,000000,2.7777000,2.7860000,2.7180000,2.7360000,26760
20130113,000000,2.7306000,2.7433000,2.7285000,2.7431000,473
20130114,000000,2.7435000,2.7603000,2.7218000,2.7421000,21510
20130115,000000,2.7421000,2.7610000,2.7023000,2.7049000,22281
20130116,000000,2.7044000,2.7311000,2.6915000,2.7240000,19745
20130117,000000,2.7240000,2.7757000,2.7214000,2.7689000,16519
20130118,000000,2.7661000,2.8049000,2.7526000,2.7989000,12409
20130120,000000,2.7959000,2.7996000,2.7940000,2.7940000,19
20130121,000000,2.7950000,2.8043000,2.7806000,2.8022000,1833
20130122,000000,2.8029000,2.8500000,2.7850000,2.8314000,10187
20130123,000000,2.8314000,2.8571000,2.8229000,2.8394000,7739
20130124,000000,2.8418000,2.8762000,2.8171000,2.8550000,6189
20130125,000000,2.8550000,2.8856000,2.8527000,2.8710000,4683
20130127,000000,2.8736000,2.8749000,2.8700000,2.8700000,27
20130128,000000,2.8684000,2.9442000,2.8590000,2.9300000,6587
20130129,000000,2.9310000,2.9761000,2.9105000,2.9650000,3583
20130130,000000,2.9700000,3.0500000,2.9632000,3.0375000,2602
20130131,000000,3.0265000,3.0351000,2.9891000,3.0300000,2154
20130201,000000,3.0307000,3.0663000,3.0023000,3.0434000,27103
20130203,000000,3.0442000,3.0522000,3.0391000,3.0431000,281
20130204,000000,3.0460000,3.0488000,3.0056000,3.0117000,23006
20130205,000000,3.0111000,3.0528000,3.0090000,3.0418000,22285
20130206,000000,3.0416000,3.0596000,3.0071000,3.0596000,21604
20130207,000000,3.0596000,3.0698000,2.9825000,3.0124000,34465
20130208,000000,3.0118000,3.0650000,3.0041000,3.0554000,21595
20130210,000000,3.0560000,3.0587000,3.0469000,3.0496000,270
20130211,000000,3.0488000,3.0525000,3.0055000,3.0296000,20243
20130212,000000,3.0299000,3.0647000,3.0214000,3.0480000,16411
20130213,000000,3.0487000,3.0850000,3.0308000,3.0484000,20073
20130214,000000,3.0485000,3.1386000,3.0391000,3.1377000,18716
20130215,000000,3.1371000,3.1639000,3.1073000,3.1487000,19191
20130217,000000,3.1495000,3.1506000,3.1433000,3.1451000,54
20130218,000000,3.1452000,3.1691000,3.1375000,3.1536000,1241
20130219,000000,3.1530000,3.1600000,3.1020000,3.1181000,9470
20130220,000000,3.1174000,3.1239000,3.0304000,3.0391000,9512
20130221,000000,3.0364000,3.0565000,2.9782000,3.0538000,9473
20130222,000000,3.0507000,3.0962000,3.0503000,3.0958000,8419
20130224,000000,3.0866000,3.0975000,3.0866000,3.0975000,131
20130225,000000,3.0991000,3.1434000,3.0250000,3.0250000,7487
20130226,000000,3.0250000,3.0250000,2.9549000,2.9838000,5191
20130227,000000,2.9838000,2.9996000,2.8477000,2.8551000,3096
20130228,000000,2.8742000,3.1100000,2.8270000,3.0938000,2957
20130301,000000,3.0920000,3.1414000,3.0590000,3.1300000,31320
20130303,000000,3.1250000,3.1290000,3.1170000,3.1188000,269
20130304,000000,3.1189000,3.1479000,3.0786000,3.0891000,24328
20130305,000000,3.0926000,3.1596000,3.0907000,3.1516000,19668
20130306,000000,3.1528000,3.1719000,3.1021000,3.1127000,25184
20130307,000000,3.1116000,3.1389000,3.0928000,3.1322000,18747
20130308,000000,3.1322000,3.2110000,3.1267000,3.2100000,27759
20130310,000000,3.2075000,3.2182000,3.1955000,3.2158000,252
20130311,000000,3.2188000,3.2672000,3.1355000,3.1500000,32801
20130312,000000,3.1500000,3.1900000,3.1026000,3.1677000,27628
20130313,000000,3.1677000,3.1870000,3.0950000,3.1133000,23031
20130314,000000,3.1152000,3.1532000,3.0983000,3.1425000,13892
20130315,000000,3.1434000,3.1783000,3.1314000,3.1565000,12740
20130317,000000,3.1528000,3.1528000,3.1123000,3.1245000,599
20130318,000000,3.1245000,3.1551000,3.0997000,3.1155000,10446
20130319,000000,3.1155000,3.1208000,3.0327000,3.0524000,11168
20130320,000000,3.0523000,3.1225000,3.0203000,3.1100000,10135
20130321,000000,3.1105000,3.1278000,3.0501000,3.0640000,7446
20130322,000000,3.0597000,3.0840000,3.0355000,3.0560000,6784
20130324,000000,3.0450000,3.0617000,3.0400000,3.0560000,83
20130325,000000,3.0625000,3.1124000,3.0378000,3.0610000,6030
20130326,000000,3.0610000,3.1225000,3.0543000,3.1198000,5308
20130327,000000,3.1150000,3.1307000,3.0974000,3.1050000,2836
20130328,000000,3.1004000,3.1125000,3.0649000,3.1054000,2273
20130331,000000,3.1105000,3.1164000,3.1016000,3.1055000,1075
20130401,000000,3.1062000,3.1425000,3.0732000,3.0881000,17123
20130402,000000,3.0873000,3.1000000,3.0199000,3.0345000,29640
20130403,000000,3.0353000,3.0448000,2.9023000,2.9162000,43512
20130404,000000,2.9165000,2.9310000,2.8679000,2.8985000,33659
20130405,000000,2.8985000,2.9134000,2.8502000,2.8729000,24907
20130407,000000,2.8702000,2.8759000,2.8628000,2.8712000,1467
20130408,000000,2.8704000,2.9288000,2.8695000,2.9209000,19488
20130409,000000,2.9239000,2.9491000,2.9000000,2.9281000,25804
20130410,000000,2.9278000,2.9358000,2.8568000,2.8656000,27809
20130411,000000,2.8657000,2.8848000,2.8207000,2.8449000,23814
20130412,000000,2.8449000,2.8472000,2.7643000,2.7957000,21018
20130414,000000,2.7952000,2.8022000,2.7472000,2.7475000,675
20130415,000000,2.7538000,2.8047000,2.7036000,2.7370000,17997
20130416,000000,2.7342000,2.7965000,2.7268000,2.7947000,16161
20130417,000000,2.7960000,2.7960000,2.7080000,2.7275000,15239
20130418,000000,2.7267000,2.7699000,2.7025000,2.7579000,14657
20130419,000000,2.7609000,2.7850000,2.7517000,2.7725000,7210
20130421,000000,2.7730000,2.7896000,2.7705000,2.7812000,75
20130422,000000,2.7840000,2.8103000,2.7489000,2.7630000,6568
20130423,000000,2.7664000,2.7670000,2.7106000,2.7236000,5951
20130424,000000,2.7284000,2.7669000,2.7074000,2.7641000,6964
20130425,000000,2.7641000,2.8132000,2.7480000,2.8029000,6030
20130426,000000,2.8027000,2.8379000,2.7876000,2.8224000,4311
20130428,000000,2.8233000,2.8247000,2.8088000,2.8088000,46
20130429,000000,2.8112000,2.8349000,2.8072000,2.8270000,3813
20130430,000000,2.8275000,2.8295000,2.7783000,2.7808000,2419
20130501,000000,2.7779000,2.7998000,2.6879000,2.7215000,30584
20130502,000000,2.7190000,2.7828000,2.7061000,2.7732000,27357
20130503,000000,2.7743000,2.8345000,2.7630000,2.8250000,24698
20130505,000000,2.8194000,2.8430000,2.8194000,2.8374000,810
20130506,000000,2.8344000,2.8693000,2.8051000,2.8481000,23398
20130507,000000,2.8465000,2.8652000,2.8175000,2.8268000,20451
20130508,000000,2.8266000,2.8768000,2.8118000,2.8664000,24926
20130509,000000,2.8655000,2.8884000,2.8250000,2.8726000,28456
20130510,000000,2.8719000,2.8799000,2.8144000,2.8572000,21703
20130512,000000,2.8448000,2.8505000,2.8360000,2.8409000,118
20130513,000000,2.8450000,2.8535000,2.8065000,2.8300000,21502
20130514,000000,2.8337000,2.8522000,2.8140000,2.8391000,23056
20130515,000000,2.8352000,2.8727000,2.7704000,2.8607000,30519
20130516,000000,2.8657000,2.9134000,2.8458000,2.8802000,18624
20130517,000000,2.8790000,2.9276000,2.8760000,2.8990000,14432
20130519,000000,2.9070000,2.9179000,2.9040000,2.9122000,160
20130520,000000,2.9125000,2.9201000,2.8892000,2.9075000,8995
20130521,000000,2.9060000,2.9075000,2.8205000,2.8208000,8377
20130522,000000,2.8270000,2.8299000,2.7925000,2.8202000,8033
20130523,000000,2.8194000,2.8376000,2.7882000,2.8263000,6981
20130524,000000,2.8268000,2.8456000,2.8000000,2.8306000,7765
20130526,000000,2.8255000,2.8255000,2.8206000,2.8223000,25
20130527,000000,2.8263000,2.8356000,2.8128000,2.8300000,402
20130528,000000,2.8270000,2.8800000,2.8242000,2.8475000,6915
20130529,000000,2.8473000,2.8523000,2.7890000,2.7988000,5077
20130530,000000,2.7904000,2.8244000,2.7577000,2.8200000,3192
20130531,000000,2.8141000,2.8141000,2.7585000,2.7789000,2745
20130602,000000,2.7470000,2.7473000,2.7400000,2.7438000,258
20130603,000000,2.7458000,2.8230000,2.7370000,2.7855000,26210
20130604,000000,2.7858000,2.8395000,2.7734000,2.8272000,21990
20130605,000000,2.8226000,2.8570000,2.8182000,2.8263000,21650
20130606,000000,2.8285000,2.8541000,2.8190000,2.8510000,18078
20130607,000000,2.8545000,2.8859000,2.8256000,2.8737000,22259
20130609,000000,2.8746000,2.8872000,2.8743000,2.8870000,167
20130610,000000,2.8855000,2.8855000,2.8433000,2.8475000,15954
20130611,000000,2.8475000,2.8515000,2.7853000,2.8002000,23658
20130612,000000,2.8001000,2.8408000,2.8000000,2.8106000,20692
20130613,000000,2.8106000,2.8707000,2.7980000,2.8600000,20934
20130614,000000,2.8600000,2.9193000,2.8553000,2.9048000,16464
