20100104,000000,26.8900000,27.8000000,26.8500000,27.6200000,0
20100105,000000,27.7800000,28.3300000,27.3700000,27.6400000,0
20100106,000000,27.4100000,28.5300000,27.3500000,28.3800000,0
20100107,000000,27.9900000,28.9200000,27.9000000,28.0000000,0
20100108,000000,27.9000000,28.3200000,27.3000000,27.5300000,0
20100111,000000,27.6900000,27.7200000,26.7400000,26.7500000,0
20100112,000000,26.9600000,27.9600000,26.9300000,27.3600000,0
20100113,000000,27.6900000,28.2500000,27.4500000,28.0400000,0
20100114,000000,28.2800000,28.2800000,27.7300000,27.7600000,0
20100115,000000,27.6200000,27.8000000,27.3500000,27.6200000,0
20100119,000000,27.7000000,29.0500000,27.7000000,28.9800000,0
20100120,000000,29.0200000,29.3900000,28.6000000,29.1100000,0
20100121,000000,29.3800000,29.7800000,28.6900000,29.2600000,0
20100122,000000,28.8500000,29.2500000,28.5100000,28.7800000,0
20100125,000000,28.9800000,30.1800000,28.5100000,29.8000000,0
20100126,000000,29.5700000,29.9700000,29.2200000,29.3000000,0
20100127,000000,29.3000000,29.3700000,28.1900000,28.3600000,0
20100128,000000,28.6000000,29.2600000,28.5100000,29.0000000,0
20100129,000000,29.3000000,30.3000000,29.1200000,29.9000000,0
20100201,000000,29.5000000,30.3000000,29.2300000,29.2800000,0
20100202,000000,29.4700000,29.7600000,28.9100000,29.4000000,0
20100203,000000,29.2500000,29.5600000,28.4800000,28.5800000,0
20100204,000000,28.4700000,28.4800000,27.0100000,27.6400000,0
20100205,000000,27.8700000,28.0200000,25.7300000,26.1700000,0
20100208,000000,26.9600000,27.2000000,26.3600000,26.6000000,0
20100209,000000,27.2500000,27.3700000,26.7500000,27.0700000,0
20100210,000000,27.1300000,27.1600000,26.4700000,26.6400000,0
20100211,000000,26.8400000,27.6500000,26.6100000,27.5300000,0
20100212,000000,27.1700000,27.8900000,26.7500000,26.9500000,0
20100216,000000,27.3000000,27.6700000,27.1400000,27.3600000,0
20100217,000000,26.3900000,27.3700000,26.0500000,26.1200000,0
20100218,000000,26.1000000,26.6100000,25.5400000,26.4700000,0
20100219,000000,26.6400000,26.8700000,26.3300000,26.8000000,0
20100222,000000,26.6000000,26.9300000,24.7400000,24.7900000,0
20100223,000000,24.3600000,24.4900000,23.3700000,23.6800000,0
20100224,000000,23.3900000,24.4600000,23.3900000,24.4000000,0
20100225,000000,24.0300000,24.0300000,23.4600000,23.7000000,0
20100226,000000,23.3000000,24.0700000,23.3000000,23.6000000,0
20100301,000000,23.6500000,23.9400000,22.0400000,22.2600000,0
20100302,000000,21.7400000,22.6700000,21.1600000,22.6400000,0
20100303,000000,22.1800000,22.7100000,21.9600000,22.0500000,0
20100304,000000,22.0800000,22.2300000,21.2600000,21.6700000,0
20100305,000000,21.8200000,22.2200000,21.6800000,21.6700000,0
20100308,000000,21.9500000,22.3400000,21.2400000,21.6700000,0
20100309,000000,20.8800000,20.9700000,20.2500000,21.6700000,0
20100310,000000,20.0000000,20.1800000,18.9000000,19.6900000,0
20100311,000000,19.6500000,20.1500000,19.0000000,19.2700000,0
20100312,000000,19.5000000,19.9500000,19.3100000,19.6700000,0
20100315,000000,19.8100000,19.8400000,19.1500000,19.3900000,0
20100316,000000,19.1700000,19.3300000,18.1500000,18.2400000,0
20100317,000000,18.2700000,18.5700000,17.7600000,18.3300000,0
20100318,000000,18.7500000,19.0500000,18.4300000,19.0300000,0
20100319,000000,19.2900000,19.4700000,18.3300000,18.6400000,0
20100322,000000,18.4500000,18.7900000,17.6700000,17.8400000,0
20100323,000000,17.8300000,17.8600000,16.5000000,16.5700000,0
20100324,000000,16.6000000,17.8800000,16.3400000,17.6700000,0
20100325,000000,17.8700000,18.0000000,17.1000000,17.0500000,0
20100326,000000,17.1500000,17.4300000,16.5200000,17.0000000,0
20100329,000000,17.2500000,17.5500000,17.1800000,17.5100000,0
20100330,000000,17.7400000,18.2500000,17.4900000,17.8800000,0
20100331,000000,17.9200000,17.9700000,16.5500000,16.5900000,0
20100401,000000,16.6800000,17.6300000,15.5600000,16.7000000,0
20100402,000000,16.7000000,16.7000000,16.7000000,16.7000000,0
20100405,000000,16.9600000,17.1700000,16.4100000,16.4000000,0
20100406,000000,16.5200000,16.6500000,15.9400000,15.8900000,0
20100407,000000,16.1700000,16.7500000,15.8700000,16.1600000,0
20100408,000000,16.2000000,16.4300000,15.8800000,15.9200000,0
20100409,000000,16.2000000,16.4100000,15.6500000,16.3900000,0
20100412,000000,17.0400000,17.3500000,16.5900000,16.5400000,0
20100413,000000,16.8700000,17.2900000,16.7800000,16.9800000,0
20100414,000000,17.2900000,17.7700000,17.2100000,17.5300000,0
20100415,000000,17.7900000,17.7900000,16.6000000,16.8500000,0
20100416,000000,16.4300000,17.2200000,15.9000000,15.9500000,0
20100419,000000,16.4800000,17.0700000,16.2800000,16.9100000,0
20100420,000000,17.1000000,17.1700000,16.5400000,16.4600000,0
20100421,000000,16.6200000,16.7700000,16.4700000,16.5500000,0
20100422,000000,16.5500000,16.7400000,16.1500000,16.0700000,0
20100423,000000,16.1600000,16.2200000,15.6300000,15.6600000,0
20100424,000000,15.6600000,15.6600000,15.6600000,15.6600000,1
20100426,000000,15.6900000,15.9700000,15.6900000,15.6900000,0
20100427,000000,15.8800000,15.8900000,15.3000000,15.3700000,0
20100428,000000,15.2100000,15.6000000,14.9500000,14.8600000,0
20100429,000000,15.1400000,15.3300000,15.1000000,15.2900000,0
20100430,000000,15.2800000,15.4800000,15.1900000,15.1500000,0
20100503,000000,15.3000000,15.3000000,15.0100000,14.9800000,0
20100504,000000,14.5000000,15.1200000,14.5000000,14.5100000,0
20100505,000000,14.5000000,14.6200000,13.9600000,14.4100000,0
20100506,000000,13.9200000,14.1000000,13.5000000,13.6700000,0
20100507,000000,13.2500000,13.9500000,13.0700000,13.7500000,0
20100510,000000,14.0000000,14.5300000,13.9400000,14.1800000,0
20100511,000000,13.8800000,14.1800000,13.5200000,13.9100000,0
20100512,000000,14.2400000,14.6800000,13.8100000,14.6700000,0
20100513,000000,14.6700000,14.8100000,14.5100000,14.6600000,0
20100514,000000,14.5000000,14.7100000,13.9300000,14.1300000,0
20100515,000000,14.1300000,14.1300000,14.1300000,14.1300000,1
20100517,000000,13.8000000,14.5000000,13.6500000,14.2100000,0
20100518,000000,14.4500000,14.8100000,14.0800000,14.8000000,0
20100519,000000,14.5100000,15.0700000,14.4600000,14.9300000,0
20100520,000000,15.0000000,15.2300000,14.7900000,14.9900000,0
20100521,000000,15.0400000,15.6900000,14.9700000,15.6500000,0
20100522,000000,15.6500000,15.6500000,15.6500000,15.6500000,1
20100524,000000,15.6200000,15.7300000,15.2000000,15.1900000,0
20100525,000000,14.7500000,15.5800000,14.5200000,15.2500000,0
20100526,000000,15.5000000,15.5900000,15.1100000,15.2200000,0
20100527,000000,15.0500000,15.4400000,14.8500000,14.9200000,0
20100528,000000,14.9700000,15.0200000,14.1900000,14.1900000,0
20100531,000000,14.9700000,15.0200000,14.1900000,14.1900000,0
20100601,000000,14.4800000,14.5700000,14.1300000,14.4000000,0
20100602,000000,14.3500000,14.4200000,13.8500000,13.9400000,0
20100603,000000,14.0000000,14.3100000,13.9900000,13.9900000,0
20100604,000000,14.5700000,14.7100000,14.0300000,14.5200000,0
20100607,000000,14.7000000,14.7000000,14.2400000,14.3300000,0
20100608,000000,14.4700000,15.0100000,14.4700000,14.8800000,0
20100609,000000,15.1300000,15.4000000,15.1300000,15.1600000,0
20100610,000000,15.0500000,15.5800000,15.0000000,15.3600000,0
20100611,000000,15.5400000,15.9300000,15.2600000,15.8300000,0
20100614,000000,15.8900000,16.1700000,15.8100000,16.0500000,0
20100615,000000,16.0500000,16.2700000,15.9000000,16.1800000,0
20100616,000000,16.2500000,16.3500000,15.9400000,16.2700000,0
20100617,000000,16.0500000,16.1700000,15.7300000,15.7900000,0
20100618,000000,15.5600000,15.9100000,15.3100000,15.5800000,0
20100621,000000,15.9900000,16.2800000,15.3600000,16.1800000,0
20100622,000000,16.2200000,16.2800000,16.0300000,16.2100000,0
20100623,000000,16.5900000,16.7200000,16.1400000,16.2500000,0
20100624,000000,16.2600000,16.8300000,16.1700000,16.8200000,0
20100625,000000,16.2100000,16.4200000,16.0900000,16.3900000,0
20100628,000000,16.4800000,16.6900000,15.5700000,15.8200000,0
20100629,000000,15.2500000,15.3400000,15.1300000,15.2800000,0
20100630,000000,15.0500000,16.5200000,14.6500000,16.0600000,0
20100701,000000,15.9100000,16.3100000,15.6700000,16.2800000,0
20100702,000000,16.4000000,16.6900000,16.1300000,16.7000000,0
20100705,000000,16.8900000,17.1500000,16.8900000,17.1500000,4
20100706,000000,16.8900000,17.1500000,16.7200000,16.6900000,0
20100707,000000,16.6000000,17.1800000,16.4300000,17.0600000,0
20100708,000000,17.0100000,17.2700000,16.9700000,17.0900000,0
20100709,000000,17.3300000,17.3800000,16.5900000,16.6100000,0
20100712,000000,16.8800000,17.1100000,16.6300000,17.1000000,0
20100713,000000,17.1500000,17.2200000,16.8200000,17.1700000,0
20100714,000000,17.1000000,17.1700000,16.8500000,17.1700000,0
20100715,000000,17.2000000,17.4300000,16.9900000,17.3900000,0
20100716,000000,17.5000000,17.5800000,16.8000000,17.1100000,0
20100719,000000,17.4000000,17.6700000,17.1900000,17.6100000,0
20100720,000000,17.5100000,17.6200000,17.2800000,17.2800000,0
20100721,000000,17.5300000,17.5700000,17.3600000,17.4700000,0
20100722,000000,17.6500000,18.3500000,17.5500000,18.3000000,0
20100723,000000,18.5500000,18.6400000,18.1200000,18.2600000,0
20100726,000000,18.6200000,18.5800000,18.6200000,18.6200000,0
20100727,000000,18.8600000,19.0300000,18.3400000,18.4200000,0
20100728,000000,18.7700000,18.9700000,18.3700000,18.8700000,0
20100729,000000,19.2300000,19.6400000,19.0100000,19.5000000,0
20100730,000000,19.5100000,19.6000000,19.2300000,19.5700000,0
20100802,000000,19.7500000,19.8400000,19.1300000,19.4000000,0
20100803,000000,18.7500000,18.9500000,18.2800000,18.5900000,0
20100804,000000,18.3200000,18.9900000,17.9900000,18.8800000,0
20100805,000000,19.0500000,19.2000000,18.2400000,18.2900000,0
20100806,000000,18.5000000,18.5600000,17.8000000,18.2400000,0
20100807,000000,18.2400000,18.2500000,18.2400000,18.2500000,2
20100809,000000,18.5400000,18.6800000,17.6300000,17.7300000,0
20100810,000000,17.7200000,18.6400000,17.5400000,18.5600000,0
20100811,000000,18.4700000,18.6200000,18.2000000,18.2600000,0
20100812,000000,18.4300000,19.0300000,18.2400000,18.9700000,0
20100813,000000,19.0300000,19.4400000,18.7500000,19.4200000,0
20100816,000000,19.5300000,19.6900000,18.8600000,18.9400000,0
20100817,000000,18.8900000,19.4800000,18.7500000,19.3800000,0
20100818,000000,19.5100000,19.6400000,19.0100000,19.6000000,0
20100819,000000,19.4500000,19.6200000,19.2500000,19.4800000,0
20100820,000000,19.5100000,20.0500000,19.4900000,19.9500000,0
20100823,000000,19.2600000,20.1200000,18.9000000,20.0700000,0
20100824,000000,19.8500000,20.1700000,19.1000000,20.1600000,0
20100825,000000,20.0100000,20.3400000,19.7600000,20.0300000,0
20100826,000000,19.9400000,19.9400000,19.2600000,19.2700000,0
20100827,000000,19.3800000,20.3000000,19.2900000,19.9600000,0
20100830,000000,20.1000000,20.1100000,19.5300000,19.8100000,0
20100831,000000,19.3000000,20.2200000,19.3000000,19.7500000,0
20100901,000000,19.8600000,20.5200000,19.8000000,20.4900000,0
20100902,000000,20.5000000,20.9100000,19.7500000,20.8100000,0
20100903,000000,20.6300000,20.9000000,20.5600000,20.6000000,0
20100907,000000,20.9200000,21.4700000,20.8700000,21.4500000,0
20100908,000000,21.7300000,21.7300000,21.3000000,21.3800000,0
20100909,000000,22.0200000,22.6400000,21.4000000,22.4300000,0
20100910,000000,22.5200000,23.3100000,22.2500000,22.7300000,0
20100913,000000,23.0600000,23.4700000,22.6200000,23.3400000,0
20100914,000000,23.8700000,24.4900000,23.5400000,24.3600000,0
20100915,000000,24.5900000,24.8400000,23.3500000,23.8200000,0
20100916,000000,23.5300000,24.6600000,23.2800000,24.4800000,0
20100917,000000,24.4800000,24.9600000,24.3800000,24.6100000,0
20100920,000000,24.9400000,25.5400000,24.1000000,24.2900000,0
20100921,000000,23.8800000,24.4200000,23.5000000,23.7900000,0
20100922,000000,23.8100000,24.4800000,23.7400000,24.3100000,0
20100923,000000,24.3700000,24.7400000,24.2100000,24.7000000,0
20100924,000000,25.3000000,25.4800000,24.6600000,25.4400000,0
20100927,000000,24.8000000,25.0800000,24.5400000,24.9800000,0
20100928,000000,25.2000000,26.1000000,24.6500000,25.2900000,0
20100929,000000,25.5400000,25.7500000,24.5800000,24.9300000,0
20100930,000000,24.4000000,24.6800000,23.3300000,23.4800000,0
20101001,000000,23.4500000,23.7800000,22.8100000,23.3600000,0
20101004,000000,23.2200000,23.2200000,22.5200000,22.9900000,0
20101005,000000,23.0200000,23.7700000,22.9100000,23.7400000,0
20101006,000000,23.3600000,23.7200000,23.1000000,23.1500000,1776
20101007,000000,23.1000000,25.3700000,23.1000000,25.0100000,11217
20101008,000000,24.5900000,26.6500000,24.0500000,25.9000000,17411
20101010,000000,25.9000000,26.1500000,25.9000000,26.1500000,0
20101011,000000,26.4200000,27.2000000,25.6200000,26.4100000,13668
20101012,000000,26.6000000,27.6600000,25.6000000,27.3000000,10249
20101013,000000,27.3000000,28.0100000,26.5000000,27.6000000,13907
20101014,000000,27.6000000,28.3300000,26.5000000,27.5800000,20749
20101015,000000,27.1000000,28.0400000,26.5000000,26.7600000,3843
20101017,000000,26.7600000,26.7600000,26.7600000,26.7600000,0
20101018,000000,26.7200000,27.6400000,26.5000000,27.2100000,14110
20101019,000000,26.5500000,28.6600000,26.5500000,27.7600000,19219
20101020,000000,27.7600000,29.1200000,27.5000000,28.6100000,14041
20101021,000000,28.0200000,29.2000000,27.8600000,28.2600000,12443
20101022,000000,28.2600000,28.7500000,27.5000000,27.9100000,13147
20101024,000000,27.9100000,27.9100000,27.9100000,27.9100000,1
20101025,000000,27.5000000,28.9100000,24.7300000,28.3800000,5177
20101026,000000,27.5000000,28.5500000,27.0000000,27.7200000,6809
20101027,000000,27.3700000,28.8700000,27.2000000,28.6600000,7288
20101028,000000,28.3800000,29.5600000,27.5500000,28.5100000,7251
20101029,000000,28.4600000,29.7600000,28.2100000,29.1200000,9789
20101031,000000,28.8500000,28.8500000,28.8500000,28.8500000,0
20101101,000000,28.2100000,29.6000000,26.1300000,29.3800000,9899
20101102,000000,29.4500000,30.6000000,29.4500000,29.9700000,10034
20101103,000000,30.2300000,30.4900000,29.2100000,29.7400000,12931
20101104,000000,30.1500000,32.1000000,30.1500000,31.6100000,12836
20101105,000000,31.6100000,32.2500000,30.2000000,31.6000000,11616
20101107,000000,31.6000000,31.6000000,31.6000000,31.6000000,0
20101108,000000,31.4000000,32.2100000,27.8500000,31.7500000,9460
20101109,000000,31.7500000,33.2800000,31.7500000,32.8000000,10093
20101110,000000,32.8000000,33.1300000,31.2000000,32.6000000,21660
20101111,000000,30.9000000,33.3600000,28.2100000,28.8500000,29934
20101112,000000,28.8500000,28.9900000,25.6000000,25.8300000,18286
20101114,000000,25.8300000,25.8300000,25.8300000,25.8300000,0
20101115,000000,25.8300000,27.1900000,25.2100000,26.5600000,8620
20101116,000000,26.5500000,27.7500000,25.3700000,26.2000000,11986
20101117,000000,26.2000000,27.1900000,25.2700000,25.9500000,12042
20101118,000000,25.7000000,28.8500000,25.7000000,28.1600000,9174
20101119,000000,28.1600000,29.1000000,24.0500000,25.7000000,15465
20101121,000000,26.2500000,26.2500000,24.0500000,24.0500000,0
20101122,000000,24.0500000,27.1400000,24.0500000,26.5000000,17685
20101123,000000,26.5000000,27.3900000,25.0000000,27.1600000,13603
20101124,000000,26.5000000,28.1600000,26.5000000,27.4500000,11409
20101125,000000,27.4500000,27.4500000,27.4500000,27.4500000,0
20101126,000000,27.0000000,28.3600000,26.5000000,28.2500000,3680
20101128,000000,27.0000000,27.5100000,26.2200000,27.5100000,0
20101129,000000,27.5100000,28.6600000,23.2000000,28.3500000,6459
20101130,000000,28.3500000,28.8000000,26.6200000,27.0200000,13414
20101201,000000,27.5000000,28.6700000,26.8200000,28.1200000,14204
20101202,000000,27.3800000,28.8500000,27.3800000,28.1500000,9431
20101203,000000,28.0000000,29.6000000,28.0000000,29.0800000,5795
20101205,000000,29.0800000,29.6000000,26.4200000,26.4200000,9
20101206,000000,26.4200000,29.5600000,26.4200000,28.8000000,8617
20101207,000000,28.8000000,29.7000000,27.9500000,28.2000000,13490
20101208,000000,28.2000000,29.1700000,27.0600000,29.0000000,6307
20101209,000000,29.0000000,29.4200000,28.1200000,28.2600000,6026
20101210,000000,28.7100000,29.1600000,27.1500000,28.6600000,5780
20101213,000000,27.1500000,30.5300000,27.1500000,30.4900000,4627
20101214,000000,30.6000000,31.2300000,30.3000000,30.3600000,9174
20101215,000000,30.3500000,31.2100000,29.6000000,30.9600000,6569
20101216,000000,29.0400000,31.3600000,28.5000000,30.8300000,4152
20101217,000000,30.8400000,32.9300000,29.0400000,32.3800000,6353
20101219,000000,32.3800000,32.4100000,32.3300000,32.4000000,0
20101220,000000,32.3900000,33.4300000,26.6500000,28.9600000,9644
20101221,000000,28.9600000,33.6200000,28.5100000,32.1600000,7601
20101222,000000,32.1600000,33.2700000,28.2200000,32.9700000,6766
20101223,000000,32.7500000,34.0300000,32.1500000,33.3500000,5163
20101226,000000,33.3500000,33.6400000,33.3500000,33.5200000,0
20101227,000000,33.5200000,33.9300000,32.0500000,33.5500000,2669
20101228,000000,33.5500000,34.5600000,33.0200000,34.1600000,3099
20101229,000000,34.1600000,34.7000000,32.0500000,32.8100000,9107
20101230,000000,32.8100000,34.3300000,28.2200000,30.2200000,6563
20101231,000000,30.2200000,32.2100000,30.2100000,31.4700000,6791
20110102,000000,31.4700000,31.8800000,31.4700000,31.5700000,0
20110103,000000,31.5800000,32.6100000,31.5800000,32.4100000,218
20110105,000000,29.5000000,32.3000000,29.5000000,31.9800000,18203
20110106,000000,31.9300000,32.1000000,28.2200000,30.2600000,8120
20110107,000000,30.2400000,31.9900000,29.0000000,31.0900000,16799
20110109,000000,31.0200000,31.7900000,28.6600000,31.5000000,17
20110110,000000,31.6000000,31.9100000,30.5000000,31.5700000,9862
20110111,000000,31.5200000,32.8400000,31.1000000,32.7100000,5683
20110112,000000,32.7200000,33.2700000,28.4500000,31.7300000,10864
20110113,000000,31.7300000,32.1800000,30.0000000,31.8700000,8416
20110114,000000,31.8700000,32.1500000,29.3000000,30.4000000,17091
20110116,000000,29.6400000,30.5000000,28.3500000,30.4700000,0
20110117,000000,30.4800000,31.1400000,30.4000000,30.5000000,0
20110118,000000,30.4800000,31.4600000,29.6400000,30.7200000,4312
20110119,000000,31.0000000,31.7000000,29.5000000,30.9400000,6982
20110120,000000,30.9400000,31.3300000,29.5000000,31.1200000,8766
20110121,000000,31.0600000,32.3500000,30.3000000,31.3000000,9340
20110123,000000,31.8600000,32.1800000,31.8600000,32.1300000,0
20110124,000000,32.1300000,32.5700000,31.5000000,32.0000000,14670
20110125,000000,32.0000000,32.1700000,29.0000000,31.4500000,11081
20110126,000000,31.4500000,33.1700000,30.4500000,32.8500000,6110
20110127,000000,32.8500000,34.4700000,30.5000000,34.0500000,11330
20110128,000000,33.1200000,34.4400000,33.1200000,33.4500000,9291
20110130,000000,33.4500000,33.8500000,31.1900000,33.4900000,0
20110131,000000,30.8500000,33.9600000,30.8500000,33.4000000,24358
20110201,000000,33.3500000,34.2600000,32.5000000,33.5600000,55785
20110202,000000,33.5600000,35.9700000,33.0400000,34.7800000,36776
20110203,000000,35.0000000,35.5500000,29.2200000,31.6200000,65834
20110204,000000,31.6200000,33.1700000,30.5000000,32.4900000,44429
20110206,000000,32.5800000,32.7000000,32.5800000,32.6900000,0
20110207,000000,32.7500000,33.3500000,29.1000000,32.5000000,6738
20110208,000000,32.5000000,32.8200000,30.8700000,31.0000000,17566
20110209,000000,31.0000000,31.8900000,30.3000000,31.5000000,13403
20110210,000000,31.2800000,33.0600000,30.8000000,31.6900000,10087
20110211,000000,31.6900000,32.6200000,30.8100000,31.0000000,1946
20110213,000000,31.0000000,31.0400000,30.6600000,30.6600000,12
20110214,000000,30.5000000,31.6100000,28.3000000,29.9000000,16053
20110215,000000,29.9000000,31.0900000,29.0000000,30.3000000,9841
20110216,000000,30.2500000,32.3100000,29.8000000,31.2500000,6872
20110217,000000,31.2500000,31.9200000,30.5000000,30.9000000,8318
20110218,000000,31.1300000,31.4500000,30.5000000,30.6000000,5086
20110220,000000,30.6700000,30.6700000,28.2400000,28.2400000,0
20110221,000000,30.1400000,30.6100000,29.7400000,30.4500000,0
20110222,000000,30.4500000,31.8100000,30.0000000,30.0800000,5681
20110223,000000,30.3800000,31.0300000,27.2500000,27.2500000,6491
20110224,000000,27.2700000,27.8800000,24.0000000,26.9500000,6941
20110225,000000,26.6500000,28.8100000,24.7500000,28.6200000,6281
20110227,000000,28.6200000,28.6300000,28.3500000,28.3600000,0
20110228,000000,28.2000000,30.0900000,25.2000000,29.0700000,9870
20110301,000000,29.0800000,29.3800000,27.5000000,28.9000000,7842
20110302,000000,29.1300000,30.5900000,27.8500000,30.2000000,9228
20110303,000000,30.1200000,30.7900000,29.5000000,30.2500000,38041
20110304,000000,30.2500000,30.6900000,28.8600000,29.5500000,10609
20110306,000000,29.5500000,29.6300000,29.5000000,29.5000000,0
20110307,000000,29.5500000,30.3300000,29.5000000,29.9000000,14417
20110308,000000,29.9500000,31.0100000,29.6000000,30.1000000,10976
20110309,000000,30.0500000,30.9000000,29.5000000,29.8000000,14768
20110310,000000,30.1400000,30.3400000,27.5000000,28.1500000,6824
20110311,000000,28.2000000,29.0300000,27.4100000,28.2000000,28256
20110314,000000,28.3400000,28.7000000,26.8900000,27.5900000,15881
20110315,000000,27.5800000,27.7100000,24.0000000,25.4100000,13107
20110316,000000,25.4100000,26.5500000,25.4000000,25.6100000,4797
20110317,000000,25.7000000,26.9300000,25.2500000,26.4400000,2906
20110318,000000,26.3000000,27.7100000,26.3000000,27.1200000,9804
20110320,000000,27.1200000,27.3100000,27.1200000,27.3100000,0
20110321,000000,26.7200000,28.1100000,26.4000000,27.2100000,5048
20110322,000000,27.2100000,27.6000000,26.2000000,26.9700000,7227
20110323,000000,27.0000000,27.4300000,25.7000000,26.2800000,5078
20110324,000000,26.2800000,27.7400000,25.7500000,27.1200000,6670
20110325,000000,27.0600000,27.9300000,26.5000000,27.4900000,8135
20110327,000000,27.5000000,27.6300000,27.5000000,27.6100000,0
20110328,000000,27.6100000,27.9200000,26.5000000,26.8600000,10361
20110329,000000,26.7800000,27.6100000,26.5000000,26.6400000,6755
20110330,000000,26.6400000,27.3100000,24.5300000,26.9900000,5732
20110331,000000,26.9300000,27.5700000,25.1200000,26.8000000,4293
20110401,000000,26.8900000,27.6900000,25.7500000,26.6500000,5313
20110404,000000,27.4500000,28.0600000,27.4500000,27.7200000,3902
20110405,000000,27.6300000,28.0000000,26.4200000,27.4500000,3644
20110406,000000,27.4500000,27.6800000,25.1000000,26.4100000,5729
20110407,000000,26.4000000,26.9100000,25.1000000,26.0000000,1173
20110408,000000,26.0000000,26.7100000,24.2500000,25.6600000,7229
20110410,000000,25.2500000,25.2900000,25.1000000,25.2900000,0
20110411,000000,25.2500000,26.1800000,22.8500000,25.5500000,1722
20110412,000000,25.4000000,26.3200000,24.0500000,25.1000000,3837
20110413,000000,25.0000000,25.8600000,22.6500000,24.5000000,3801
20110414,000000,24.3300000,24.9800000,23.0500000,24.0000000,2686
20110415,000000,23.9500000,25.0200000,23.3500000,23.9000000,207
20110417,000000,23.9000000,23.9000000,23.8000000,23.9000000,0
20110418,000000,23.9000000,24.7700000,22.0500000,24.0400000,11103
20110419,000000,24.2700000,24.8300000,22.5500000,24.8300000,2841
20110420,000000,24.8300000,25.2000000,23.0500000,24.9400000,2366
20110421,000000,24.8500000,25.4500000,23.8500000,24.4700000,2151
20110424,000000,24.5000000,24.5000000,24.5000000,24.5000000,0
20110425,000000,24.5500000,25.5300000,22.7500000,24.5400000,600
20110426,000000,24.5400000,25.1800000,22.2500000,22.3000000,984
20110427,000000,22.5000000,23.1800000,21.5000000,22.1400000,6308
20110428,000000,22.0500000,22.7900000,21.0500000,22.0200000,2780
20110429,000000,22.0600000,22.5300000,21.5000000,21.5000000,4461
20110501,000000,21.5000000,22.0400000,21.5000000,21.9000000,0
20110502,000000,21.9000000,22.1200000,21.2400000,21.5500000,5004
20110503,000000,21.5500000,22.3500000,20.0500000,21.7500000,4360
20110504,000000,21.7500000,22.1100000,19.8500000,20.9500000,6839
20110505,000000,20.9600000,21.3300000,19.5000000,20.3000000,5545
20110506,000000,20.3000000,21.3000000,20.2500000,20.2500000,6409
20110508,000000,20.2500000,20.2500000,20.2500000,20.2500000,0
20110509,000000,20.2500000,21.0600000,18.5000000,20.6300000,651
20110510,000000,20.6000000,22.1800000,20.2500000,21.1600000,2265
20110511,000000,21.5100000,21.9100000,20.2500000,20.6100000,5218
20110512,000000,20.6000000,21.6100000,20.2500000,20.9800000,3180
20110513,000000,21.3300000,22.0300000,20.3300000,20.4600000,0
20110515,000000,20.4600000,21.0300000,20.4600000,21.0300000,0
20110516,000000,20.4000000,21.9200000,20.4000000,21.6400000,1780
20110517,000000,21.7800000,21.9700000,20.3000000,21.5500000,6013
20110518,000000,21.5500000,23.5100000,20.5500000,22.7800000,4018
20110519,000000,22.7800000,22.7800000,20.6000000,21.3600000,5642
20110520,000000,21.3700000,22.4700000,20.3900000,21.9800000,5823
20110522,000000,21.9800000,22.0700000,21.5500000,21.5500000,11
20110523,000000,21.9700000,22.1600000,20.0600000,21.1800000,7775
20110524,000000,21.1800000,22.2900000,20.0600000,21.5300000,4906
20110525,000000,21.5400000,22.8200000,20.2200000,22.1500000,2025
20110526,000000,22.1600000,22.7700000,21.1500000,22.2400000,1035
20110527,000000,22.2500000,23.0900000,21.2400000,22.2500000,1148
20110529,000000,22.2500000,22.5600000,22.2500000,22.5600000,0
20110530,000000,22.5600000,22.7100000,21.2500000,22.7100000,0
20110531,000000,22.2800000,23.3000000,21.5800000,22.7200000,0
20110601,000000,22.7200000,23.4500000,21.1700000,21.9900000,6151
20110602,000000,21.9900000,23.6600000,21.2200000,23.3900000,3964
20110603,000000,23.3900000,24.1500000,22.3300000,23.3500000,3301
20110605,000000,23.3500000,23.6100000,22.7700000,22.7700000,0
20110606,000000,22.7700000,24.0000000,21.6500000,23.2500000,0
20110607,000000,23.2500000,24.4200000,22.2500000,24.0000000,5728
20110608,000000,23.9100000,25.0700000,23.0000000,24.7500000,2526
20110609,000000,24.7500000,24.9700000,23.0500000,24.6600000,4427
20110610,000000,24.4400000,25.6400000,23.2600000,25.0600000,5209
20110612,000000,25.0600000,25.1900000,24.8000000,24.8000000,0
20110613,000000,24.7800000,26.0500000,23.8000000,24.9700000,3247
20110614,000000,25.0000000,25.6200000,24.7800000,24.7800000,6175
20110615,000000,24.5500000,25.4100000,24.2500000,24.6100000,2684
20110616,000000,24.6200000,25.8500000,23.6100000,25.3500000,4235
20110617,000000,25.2900000,26.3000000,23.8500000,25.7000000,3629
20110619,000000,25.7000000,25.8300000,25.3000000,25.3000000,0
20110620,000000,25.3000000,27.4600000,24.3000000,27.1200000,2594
20110621,000000,27.1100000,27.4200000,25.5000000,27.0500000,3053
20110622,000000,27.0200000,27.3000000,25.8000000,26.9300000,3229
20110623,000000,27.0000000,27.6000000,25.0000000,26.7800000,3025
20110624,000000,26.7700000,27.7500000,25.5000000,26.7800000,2031
20110626,000000,26.7800000,26.7800000,26.7800000,26.7800000,0
20110627,000000,26.9800000,27.8400000,25.3100000,25.3600000,0
20110628,000000,25.1500000,27.1100000,25.1500000,26.5600000,5374
20110629,000000,26.4800000,27.2000000,26.0500000,26.3600000,8330
20110630,000000,25.4000000,27.1900000,24.3000000,25.6200000,13263
20110701,000000,26.1200000,27.3600000,24.5500000,26.8300000,3490
20110703,000000,26.8300000,26.8300000,26.8300000,26.8300000,0
20110704,000000,26.8000000,26.8000000,24.5500000,26.5600000,0
20110705,000000,24.5500000,28.2100000,24.5500000,27.3600000,12767
20110706,000000,26.5000000,27.6300000,26.5000000,27.3100000,4714
20110707,000000,27.3000000,29.5800000,26.5000000,29.1100000,6214
20110708,000000,29.0800000,29.6300000,27.7000000,28.1200000,7937
20110710,000000,28.1200000,28.1200000,28.1200000,28.1200000,0
20110711,000000,28.8500000,29.2500000,27.1200000,28.8000000,4324
20110712,000000,28.8000000,30.5100000,27.3500000,30.0100000,13276
20110713,000000,30.0000000,31.2100000,28.5000000,29.7700000,19680
20110714,000000,29.7700000,30.0900000,28.5500000,28.5800000,19325
20110715,000000,28.5400000,29.8300000,27.7000000,28.5000000,6738
20110717,000000,28.5000000,28.5000000,28.2000000,28.4000000,0
20110718,000000,28.4000000,29.0000000,27.9000000,28.5600000,4730
20110719,000000,28.1500000,29.3100000,27.8000000,28.5000000,0
20110720,000000,28.5000000,29.0600000,27.8100000,28.2500000,1164
20110721,000000,29.0000000,30.2900000,27.8000000,29.4200000,6419
20110722,000000,29.6000000,31.4300000,28.1200000,30.9000000,7399
20110724,000000,30.9000000,31.0000000,30.9000000,31.0000000,0
20110725,000000,30.2500000,31.5800000,24.7800000,30.2100000,3300
20110726,000000,30.5000000,31.3500000,28.5000000,30.3100000,5424
20110727,000000,30.3100000,31.3500000,29.3000000,30.8200000,2548
20110728,000000,30.6100000,31.1700000,28.7000000,29.4500000,867
20110729,000000,30.0000000,30.1100000,28.2500000,29.2000000,21921
20110731,000000,29.2000000,29.2000000,28.7000000,28.8000000,0
20110801,000000,28.8500000,30.4900000,23.8000000,28.6400000,5911
20110802,000000,28.6400000,29.0000000,21.6500000,27.8600000,6650
20110803,000000,27.8600000,28.4500000,26.5100000,27.4100000,5226
20110804,000000,27.0800000,28.0500000,21.0500000,27.4600000,17686
20110805,000000,27.4100000,27.9300000,25.5500000,26.4800000,6333
20110807,000000,26.5000000,26.5000000,26.5000000,26.5000000,0
20110808,000000,26.5500000,27.3500000,25.5000000,26.2500000,2494
20110809,000000,26.2000000,28.1100000,25.0000000,26.7600000,8553
20110810,000000,26.5000000,27.8700000,26.5000000,27.0900000,0
20110811,000000,27.5000000,28.4200000,25.6800000,27.5100000,12415
20110812,000000,27.5000000,27.9500000,26.0500000,26.9500000,0
20110814,000000,26.9500000,27.4600000,26.9500000,27.4600000,0
20110815,000000,26.0500000,27.9400000,22.3500000,26.9300000,0
20110816,000000,26.9200000,28.2800000,26.3500000,27.7100000,0
20110817,000000,27.7000000,29.2700000,27.7000000,29.1200000,3149
20110818,000000,29.1100000,29.1800000,27.7000000,28.6300000,3358
20110819,000000,28.1200000,31.0300000,27.7000000,30.3500000,4165
20110821,000000,30.3500000,30.3500000,30.1900000,30.2500000,0
20110822,000000,30.7700000,31.5000000,24.6800000,30.2300000,3966
20110823,000000,30.6300000,31.3000000,30.0500000,30.3100000,0
20110824,000000,30.3500000,31.7400000,28.0700000,29.1100000,4924
20110825,000000,29.1100000,29.9600000,27.3500000,29.0500000,4330
20110826,000000,29.0500000,30.1400000,28.0500000,28.0500000,6795
20110828,000000,28.0500000,28.0500000,28.0500000,28.0500000,0
20110829,000000,29.5000000,30.1400000,24.5500000,29.3600000,350
20110830,000000,29.3500000,30.2800000,27.8500000,28.9000000,509
20110831,000000,29.4500000,30.1100000,28.0500000,29.4100000,0
20110901,000000,29.5900000,29.8200000,28.0500000,29.1300000,911
20110902,000000,29.1200000,29.5500000,27.6500000,28.4200000,0
20110904,000000,28.4200000,28.4300000,28.4200000,28.4300000,0
20110905,000000,28.4500000,28.5600000,27.6500000,28.5600000,0
20110906,000000,23.4200000,28.8600000,23.0500000,27.6000000,2484
20110907,000000,27.5500000,28.9000000,27.0500000,27.9700000,4439
20110908,000000,27.0600000,28.9600000,27.0600000,28.3000000,3814
20110909,000000,27.7300000,29.3100000,27.0600000,28.0900000,3978
20110911,000000,28.0900000,28.2000000,28.0900000,28.2000000,0
20110912,000000,26.7300000,30.1000000,26.7300000,29.2100000,0
20110913,000000,28.2000000,29.8000000,28.2000000,28.5000000,0
20110914,000000,28.4600000,29.6700000,27.4600000,29.1800000,0
20110915,000000,28.1700000,29.7700000,28.1700000,28.7600000,3851
20110916,000000,28.2500000,29.2100000,27.0500000,27.0500000,10423
20110918,000000,27.0500000,27.0500000,26.5600000,26.5700000,0
20110919,000000,26.5600000,27.9000000,26.0500000,27.3400000,1
20110920,000000,27.3400000,27.9800000,26.2200000,27.1600000,3638
20110921,000000,26.2200000,27.5600000,25.8500000,25.8600000,0
20110922,000000,25.8500000,26.4800000,24.0500000,24.0600000,4425
20110923,000000,24.6700000,25.6400000,24.0700000,24.0700000,545
20110925,000000,24.0700000,24.0700000,21.6000000,21.6100000,3
20110926,000000,21.6000000,25.5700000,21.6000000,24.0900000,5398
20110927,000000,24.0900000,26.2200000,23.0800000,24.0600000,3989
20110928,000000,23.3500000,25.2600000,23.3500000,23.4100000,0
20110929,000000,22.4500000,26.2400000,22.4500000,24.9600000,0
20110930,000000,25.5400000,25.6500000,23.0500000,24.7500000,1822
20111002,000000,24.7500000,24.7500000,24.5600000,24.5700000,0
20111003,000000,25.1200000,25.1200000,23.1200000,24.1500000,1674
20111004,000000,23.1200000,24.8100000,23.1200000,24.4600000,3971
20111005,000000,24.8100000,25.3100000,23.1200000,24.2400000,0
20111006,000000,23.2000000,25.2400000,23.2000000,24.2400000,0
20111007,000000,24.2300000,25.5300000,23.2300000,24.5000000,2930
20111009,000000,24.5000000,24.6100000,24.5000000,24.6100000,0
20111010,000000,22.6000000,26.5300000,22.6000000,25.7100000,24
20111011,000000,25.0000000,26.0900000,24.0000000,25.2100000,2759
20111012,000000,24.4000000,26.1700000,24.4000000,25.4500000,11
20111013,000000,25.8500000,26.8800000,24.5000000,26.3500000,290
20111014,000000,25.3000000,27.8800000,25.3000000,27.0000000,21
20111016,000000,27.0000000,27.4000000,27.0000000,27.4000000,0
20111017,000000,26.3900000,28.2100000,26.3900000,27.0500000,172
20111018,000000,26.3900000,27.8900000,26.1200000,26.2000000,0
20111019,000000,26.2200000,28.1000000,25.8500000,26.4100000,0
20111020,000000,25.5400000,26.9400000,25.2200000,26.0500000,0
20111021,000000,25.2200000,27.1800000,25.2200000,25.2200000,0
20111023,000000,25.2200000,25.3500000,25.2200000,25.3500000,0
20111024,000000,25.2200000,27.1000000,24.0000000,26.7100000,311
20111025,000000,26.0500000,27.4800000,25.4000000,26.5100000,360
20111026,000000,26.5100000,27.0500000,25.0000000,25.7100000,382
20111027,000000,25.7000000,26.9000000,24.7000000,26.5100000,277
20111028,000000,26.2600000,26.9600000,24.0000000,24.1000000,321
20111029,000000,26.1000000,26.1000000,24.1000000,24.1000000,2
20111030,000000,24.1000000,25.2600000,24.1000000,25.2600000,0
20111031,000000,25.1600000,25.9700000,24.5500000,25.0000000,0
20111101,000000,25.5200000,25.8600000,23.7000000,24.8000000,0
20111102,000000,25.4600000,25.7700000,25.1400000,25.4000000,0
20111103,000000,25.4000000,25.5900000,23.4000000,23.4000000,236
20111104,000000,25.1500000,25.7800000,24.0000000,24.5600000,234
20111106,000000,24.5600000,25.1500000,24.5600000,25.1500000,0
20111107,000000,25.3300000,25.6800000,24.0000000,24.7800000,0
20111108,000000,24.7800000,25.9800000,24.7800000,25.2500000,234
20111109,000000,25.2500000,25.8700000,24.3300000,24.8300000,183
20111110,000000,25.1300000,25.5100000,24.5000000,24.8200000,0
20111111,000000,25.3200000,25.3400000,24.5000000,24.7500000,0
20111113,000000,24.7500000,24.8600000,24.7500000,24.8600000,0
20111114,000000,24.8500000,25.2600000,24.0000000,24.5100000,128
20111115,000000,24.5000000,24.8300000,24.5000000,24.5100000,199
20111116,000000,24.5000000,24.6500000,23.0000000,23.8300000,143
20111117,000000,23.8200000,24.3200000,22.5000000,23.6600000,218
20111118,000000,23.6500000,24.2000000,22.6500000,23.7000000,188
20111120,000000,23.7000000,24.0000000,23.7000000,24.0000000,0
20111121,000000,24.0000000,24.2500000,22.7500000,23.2600000,489
20111122,000000,23.2500000,24.0800000,22.0200000,22.8500000,893
20111123,000000,23.3000000,23.3600000,21.5200000,22.1600000,184
20111124,000000,22.1600000,22.6500000,22.0000000,22.5800000,4
20111125,000000,22.5700000,22.9700000,21.5000000,22.4500000,76
20111127,000000,22.4500000,22.4600000,22.4500000,22.4600000,0
20111128,000000,22.4500000,23.2400000,22.0500000,22.7300000,0
20111129,000000,22.7300000,23.4400000,21.7500000,23.1100000,76
20111130,000000,23.1100000,23.8800000,21.7000000,23.4100000,448
20111201,000000,23.3200000,23.7100000,21.7000000,23.2000000,18
20111202,000000,23.1500000,23.7600000,21.5500000,22.4500000,233
20111204,000000,22.4500000,23.1100000,22.4500000,23.1100000,0
20111205,000000,23.1000000,24.1000000,22.4500000,24.0700000,292
20111206,000000,23.9200000,24.0600000,23.0000000,24.0600000,188
20111207,000000,24.0500000,24.0600000,21.5000000,22.8600000,387
20111208,000000,22.8500000,23.9400000,21.1000000,23.9200000,295
20111209,000000,23.9000000,23.9100000,22.1000000,22.1000000,0
20111211,000000,22.1000000,22.3500000,22.1000000,22.3500000,0
20111212,000000,22.1000000,23.7100000,21.1200000,22.9900000,99
20111213,000000,23.0000000,23.4300000,21.1000000,23.3600000,238
20111214,000000,23.3500000,23.3500000,21.5000000,22.6500000,250
20111215,000000,22.6500000,23.0700000,20.0000000,22.5800000,292
20111216,000000,22.5800000,22.9600000,21.5500000,22.6800000,160
20111218,000000,22.6800000,22.9200000,22.6800000,22.9200000,0
20111219,000000,22.9300000,23.2000000,21.5000000,23.2000000,337
20111220,000000,23.2000000,23.5300000,22.1200000,23.2800000,224
20111221,000000,23.2800000,23.4600000,22.2700000,23.1000000,242
20111222,000000,23.0800000,23.3500000,22.3200000,23.3300000,133
20111223,000000,23.3400000,23.6800000,22.3000000,23.1200000,94
20111226,000000,23.1200000,23.5800000,23.1200000,23.5800000,0
20111227,000000,23.5700000,23.6800000,22.7500000,23.5800000,0
20111228,000000,23.4000000,23.8100000,21.7500000,23.0300000,213
20111229,000000,23.0100000,23.4200000,22.1300000,23.3800000,287
20111230,000000,23.3700000,23.3700000,22.1300000,22.9200000,200
20120102,000000,22.9200000,23.2000000,22.9200000,23.1300000,0
20120103,000000,23.1300000,24.5000000,22.5300000,24.4000000,68
20120104,000000,24.4000000,24.4800000,23.4000000,24.2100000,250
20120105,000000,24.2000000,24.3400000,22.1800000,23.0200000,410
20120106,000000,23.0100000,23.3600000,21.4300000,22.9700000,254
20120108,000000,22.9700000,22.9700000,22.8300000,22.8500000,9
20120109,000000,22.8400000,23.4100000,21.8400000,23.1100000,362
20120110,000000,23.1000000,23.3200000,22.8600000,23.1900000,274
20120111,000000,23.1700000,23.7800000,22.5000000,23.7200000,321
20120112,000000,23.7100000,23.7900000,23.1200000,23.1400000,376
20120113,000000,23.1300000,23.8400000,23.0500000,23.5800000,395
20120115,000000,23.5800000,23.7000000,23.5100000,23.6100000,0
20120116,000000,23.6100000,23.6800000,23.6000000,23.6800000,0
20120117,000000,23.6800000,24.1500000,23.0500000,23.8200000,134
20120118,000000,23.8200000,24.0500000,23.0500000,23.9300000,260
20120119,000000,23.9300000,25.0000000,23.6000000,24.9000000,194
20120120,000000,24.9000000,24.9000000,23.0500000,24.6400000,298
20120122,000000,24.6400000,24.7000000,24.6400000,24.7000000,12
20120123,000000,24.6700000,24.9600000,23.0500000,24.7200000,172
20120124,000000,24.7000000,25.0200000,23.5000000,24.6500000,170
20120125,000000,24.6300000,24.7900000,23.2000000,24.3800000,298
20120126,000000,24.3900000,24.7600000,23.2000000,24.5900000,195
20120127,000000,24.5400000,24.6800000,23.2000000,24.0600000,175
20120129,000000,24.0600000,24.0800000,24.0600000,24.0800000,0
20120130,000000,24.0800000,24.2200000,23.0500000,23.6800000,70
20120131,000000,23.6400000,24.0400000,23.5000000,23.6400000,180
20120201,000000,23.6400000,23.7300000,23.0500000,23.4900000,209
20120202,000000,23.5100000,23.6400000,22.1200000,23.4000000,533
20120203,000000,23.4000000,23.9900000,21.8500000,23.7200000,449
20120205,000000,23.7200000,23.7700000,23.7200000,23.7700000,0
20120206,000000,23.7500000,24.4300000,21.8500000,24.4300000,126
20120207,000000,24.4200000,24.6000000,23.1000000,24.3400000,193
20120208,000000,23.5200000,24.5700000,22.5200000,24.3500000,235
20120209,000000,24.3000000,24.6800000,24.3000000,24.3100000,124
20120210,000000,24.3000000,24.5500000,23.0100000,24.4500000,225
20120212,000000,24.4500000,24.4500000,24.4500000,24.4500000,0
20120213,000000,23.6000000,24.6700000,23.6000000,24.3300000,152
20120214,000000,24.3500000,24.3700000,23.1200000,24.1200000,156
20120215,000000,24.0700000,24.6000000,22.5200000,24.3500000,225
20120216,000000,24.4200000,24.6200000,22.5200000,24.4000000,201
20120217,000000,24.3700000,24.5800000,23.0500000,24.5800000,155
20120219,000000,24.5100000,24.5100000,24.5100000,24.5100000,0
20120220,000000,24.4600000,24.5700000,24.3700000,24.5400000,0
20120221,000000,24.6000000,25.3500000,23.0500000,25.3000000,169
20120222,000000,25.3000000,25.6800000,24.9000000,25.6800000,198
20120223,000000,25.6300000,26.0500000,23.0500000,25.7300000,262
20120224,000000,25.7300000,26.1900000,24.4200000,25.8000000,216
20120226,000000,25.8000000,25.9300000,25.8000000,25.9300000,0
20120227,000000,25.9400000,26.5900000,22.0000000,25.4600000,0
20120228,000000,25.4600000,25.4600000,24.5500000,25.2600000,235
20120229,000000,25.2600000,25.2600000,24.0000000,24.8000000,772
20120301,000000,24.8000000,24.8600000,24.0000000,24.8500000,262
20120302,000000,24.7200000,24.9700000,24.0000000,24.8500000,164
20120304,000000,24.8500000,24.8500000,24.7000000,24.7000000,2
20120305,000000,24.6000000,24.9400000,24.0000000,24.4300000,245
20120306,000000,24.4400000,24.4900000,23.8600000,23.9100000,286
20120307,000000,23.5000000,24.1500000,22.2100000,23.9500000,350
20120308,000000,23.7100000,24.0300000,22.2500000,23.8300000,393
20120309,000000,22.3000000,24.0100000,22.3000000,23.3600000,280
20120311,000000,23.3600000,23.5500000,23.3600000,23.3600000,0
20120312,000000,23.3200000,23.9800000,23.1000000,23.6500000,3
20120313,000000,23.6500000,24.0100000,23.1000000,23.7400000,230
20120314,000000,23.7400000,24.3000000,23.1000000,24.1800000,36
20120315,000000,23.1000000,25.4100000,23.1000000,25.3100000,142
20120316,000000,25.3000000,25.5100000,23.5500000,25.2000000,327
20120318,000000,25.2000000,25.2000000,25.2000000,25.2000000,0
20120319,000000,25.1200000,25.5400000,24.4500000,25.5300000,0
20120320,000000,24.4500000,26.0100000,24.4500000,25.2600000,125
20120321,000000,25.2600000,25.8300000,25.0000000,25.2000000,276
20120322,000000,24.5000000,25.9400000,24.5000000,25.7000000,289
20120323,000000,25.7000000,25.9700000,25.1700000,25.2900000,492
20120325,000000,25.2900000,25.4400000,25.2900000,25.4400000,0
20120326,000000,25.4400000,25.4900000,24.5000000,24.5900000,148
20120327,000000,24.7100000,24.7800000,24.2000000,24.2400000,256
20120328,000000,24.2000000,24.3900000,22.5500000,24.2600000,173
20120329,000000,24.5700000,24.6000000,24.0000000,24.6000000,91
20120330,000000,24.4800000,24.7200000,23.0500000,24.3800000,109
20120402,000000,24.6500000,24.7300000,23.0500000,24.7300000,62
20120403,000000,24.6000000,24.6000000,23.7600000,24.0400000,48
20120404,000000,24.1500000,24.5100000,22.4500000,24.0000000,128
20120405,000000,24.4800000,24.5600000,24.0000000,24.0500000,69
20120406,000000,24.5800000,24.5800000,24.5800000,24.5800000,1
20120409,000000,24.5600000,24.6800000,23.9300000,24.3400000,0
20120410,000000,24.1500000,24.1500000,21.2600000,23.6300000,126
20120411,000000,23.6900000,23.8800000,21.7000000,23.8400000,0
20120412,000000,23.9000000,24.0900000,22.4600000,23.9600000,17
20120413,000000,24.2400000,24.2400000,22.5000000,22.8600000,127
20120416,000000,22.9100000,23.0300000,21.3600000,22.7300000,83
20120417,000000,22.8100000,23.1000000,22.6000000,22.8100000,237
20120418,000000,23.1900000,23.1900000,20.9300000,22.2200000,172
20120419,000000,22.0700000,22.3300000,20.3400000,21.8400000,0
20120420,000000,22.2000000,22.2000000,21.0500000,21.0700000,97
20120423,000000,21.8300000,21.9000000,20.5000000,21.7700000,30
20120424,000000,22.0300000,22.0300000,20.5000000,21.8400000,132
20120425,000000,22.1100000,22.2500000,20.5500000,21.9400000,84
20120426,000000,21.7500000,21.8100000,20.1200000,20.9600000,116
20120427,000000,21.2100000,21.2100000,20.0600000,20.8400000,76
20120430,000000,21.4000000,21.4000000,19.1500000,20.8600000,85
20120501,000000,20.9200000,20.9800000,19.1500000,20.8500000,96
20120502,000000,20.8000000,20.8000000,19.1500000,20.4200000,83
20120503,000000,20.4000000,20.5500000,20.4000000,20.5000000,70
20120504,000000,20.7000000,20.8100000,20.7000000,20.7200000,42
20120507,000000,20.7900000,20.9700000,20.4000000,20.9300000,0
20120508,000000,20.8500000,20.8500000,19.3100000,19.5600000,120
20120509,000000,20.4000000,20.5300000,18.7500000,20.1400000,143
20120510,000000,20.4600000,20.5400000,20.2200000,20.3100000,105
20120511,000000,20.3000000,20.3900000,19.9000000,19.9500000,44
20120514,000000,19.9600000,20.1200000,19.9400000,20.0700000,0
20120515,000000,20.4400000,20.5100000,20.1900000,20.2200000,40
20120516,000000,20.2300000,20.6700000,18.7500000,20.3700000,49
20120517,000000,20.5900000,20.9800000,18.7500000,20.9800000,118
20120518,000000,20.8700000,20.8700000,20.1200000,20.1400000,303
20120520,000000,20.1400000,20.1400000,20.1400000,20.1400000,0
20120521,000000,20.3100000,20.3700000,20.1200000,20.2900000,0
20120522,000000,20.2800000,20.2800000,18.7500000,19.7800000,220
20120523,000000,19.2200000,19.3900000,17.9500000,19.3300000,0
20120524,000000,19.5100000,19.5900000,19.1200000,19.3300000,0
20120525,000000,19.6500000,19.6500000,18.8800000,19.3100000,149
20120528,000000,19.6200000,19.6200000,19.3500000,19.4200000,4
20120529,000000,19.7400000,19.7400000,19.2800000,19.4300000,67
20120530,000000,19.5900000,19.5900000,19.2600000,19.3100000,42
20120531,000000,19.3000000,19.4300000,19.3000000,19.3100000,36
20120601,000000,19.2300000,19.2300000,17.6600000,18.7500000,48
20120604,000000,18.9200000,18.9200000,18.4200000,18.8600000,1
20120605,000000,18.9000000,19.0200000,18.0600000,18.8400000,46
20120606,000000,19.4500000,19.9000000,19.4300000,19.7400000,132
20120607,000000,20.1800000,20.2000000,19.6300000,19.6600000,127
20120608,000000,19.5600000,19.8600000,19.4900000,19.7700000,46
20120611,000000,20.3500000,20.3500000,19.9800000,20.0000000,64
20120612,000000,20.3100000,20.3500000,20.0300000,20.1200000,72
20120613,000000,20.3400000,20.3400000,19.8300000,19.8400000,81
20120614,000000,19.8100000,20.0700000,18.8700000,19.4700000,52
20120615,000000,20.3800000,20.7000000,19.9100000,20.3700000,80
20120618,000000,20.6100000,20.8500000,20.5300000,20.5600000,0
20120619,000000,21.2400000,21.4200000,19.7600000,21.1400000,76
20120620,000000,21.4700000,21.7400000,19.4800000,21.4300000,97
20120621,000000,21.4400000,21.6400000,20.0500000,20.8100000,0
20120622,000000,21.1200000,21.1900000,19.4000000,19.9900000,0
20120625,000000,20.1100000,20.3000000,19.8200000,19.9100000,1
20120626,000000,20.3100000,20.5000000,18.3700000,19.5600000,0
20120627,000000,20.4200000,21.0500000,19.5000000,20.6400000,160
20120628,000000,21.0000000,21.0000000,20.0000000,20.2800000,127
20120629,000000,20.5800000,20.9300000,20.0000000,20.6700000,96
20120702,000000,21.0100000,21.3000000,20.1000000,21.2200000,0
20120703,000000,21.6800000,21.8700000,21.4000000,21.6100000,0
20120704,000000,22.5000000,22.5100000,21.9900000,22.0000000,24
20120705,000000,22.0900000,22.5300000,21.5300000,21.7000000,328
20120706,000000,21.8600000,22.1700000,21.5300000,21.9500000,232
20120709,000000,22.4500000,22.6900000,22.1900000,22.4700000,104
20120710,000000,22.6400000,22.7000000,21.9500000,22.3400000,102
20120711,000000,22.6400000,22.8200000,22.5300000,22.8200000,88
20120712,000000,22.9000000,22.9200000,21.0300000,22.3400000,195
20120713,000000,22.5800000,22.7300000,20.8400000,22.5800000,80
20120716,000000,22.4600000,22.7100000,21.3000000,22.3200000,0
20120717,000000,22.9100000,22.9100000,22.3400000,22.5200000,85
20120718,000000,22.3000000,22.8200000,22.0800000,22.7100000,91
20120719,000000,23.0000000,23.0700000,21.6900000,23.0100000,191
20120720,000000,23.3000000,23.7900000,23.0800000,23.6700000,123
20120723,000000,23.5800000,23.8000000,23.4000000,23.5300000,84
20120724,000000,23.7400000,23.7400000,22.1200000,23.3000000,166
20120725,000000,23.4000000,23.4700000,22.1400000,23.2000000,105
20120726,000000,22.6500000,22.7400000,21.7600000,22.2200000,181
20120727,000000,22.4000000,22.5400000,22.2000000,22.2000000,119
20120730,000000,22.5500000,22.8100000,22.4900000,22.7000000,0
20120731,000000,22.3600000,22.5200000,21.5500000,22.4600000,162
20120801,000000,22.6400000,22.6400000,21.9200000,22.3200000,150
20120802,000000,22.0500000,22.0800000,21.1700000,21.6200000,0
20120803,000000,21.8600000,22.1000000,21.6800000,21.7800000,47
20120806,000000,21.8700000,21.9300000,21.5300000,21.5500000,165
20120807,000000,21.3300000,21.4100000,21.1200000,21.2500000,0
20120808,000000,21.2500000,21.2500000,20.8500000,21.0400000,0
20120809,000000,20.7800000,20.9000000,20.7100000,20.8100000,0
20120810,000000,20.7700000,20.7800000,20.6000000,20.7200000,130
20120813,000000,20.6000000,20.6000000,19.6000000,20.1200000,78
20120814,000000,20.4300000,20.4300000,19.0600000,20.1800000,130
20120815,000000,20.2800000,20.4000000,19.3600000,20.2700000,408
20120816,000000,20.0600000,20.1500000,19.7100000,20.1300000,56
20120817,000000,19.1400000,20.4400000,19.1400000,20.1300000,118
20120820,000000,20.1800000,20.5200000,20.1800000,20.4400000,97
20120821,000000,19.9100000,20.0700000,19.1400000,19.8200000,111
20120822,000000,19.8900000,19.9700000,18.5500000,19.4400000,46
20120823,000000,19.7500000,20.0900000,18.5500000,19.3500000,0
20120824,000000,19.4600000,19.5700000,18.7400000,19.5600000,0
20120827,000000,19.6600000,19.7600000,18.7300000,19.5600000,0
20120828,000000,19.6500000,20.1400000,19.1100000,20.1300000,199
20120829,000000,19.9600000,20.0000000,18.7300000,19.6700000,132
20120830,000000,19.8400000,19.9400000,19.7100000,19.7700000,102
20120831,000000,19.7100000,19.8200000,19.5700000,19.7500000,524
20120903,000000,19.5800000,19.5800000,19.5800000,19.5800000,0
20120904,000000,19.6500000,19.6500000,19.1600000,19.3600000,83
20120905,000000,19.3300000,19.3300000,18.8200000,19.2100000,925
20120906,000000,18.8900000,19.1000000,18.2000000,18.7900000,1066
20120907,000000,19.2000000,19.5500000,19.1600000,19.1800000,2001
20120910,000000,19.4700000,19.5200000,19.2900000,19.3200000,1064
20120911,000000,19.3800000,19.6200000,16.4000000,19.3900000,704
20120912,000000,19.6200000,19.7700000,16.4000000,19.6400000,801
20120913,000000,19.7300000,19.8700000,16.4000000,19.6400000,1040
20120914,000000,19.8600000,20.2000000,19.1200000,19.6400000,691
20120917,000000,19.8100000,19.9700000,18.7100000,19.8500000,0
20120918,000000,19.4700000,19.5600000,19.0000000,19.3100000,306
20120919,000000,19.3000000,19.3200000,18.7100000,19.0700000,648
20120920,000000,18.8400000,19.2300000,18.7100000,19.1800000,762
20120921,000000,19.5100000,19.5200000,18.7100000,19.3100000,930
20120923,000000,19.3100000,19.3100000,19.3100000,19.3100000,0
20120924,000000,19.3700000,19.4400000,18.7100000,19.3300000,469
20120925,000000,19.6300000,19.7700000,18.7100000,19.7600000,666
20120926,000000,20.3300000,20.4100000,19.9500000,20.2200000,814
20120927,000000,20.0000000,20.4000000,18.5200000,20.3600000,84
20120928,000000,20.0700000,20.3200000,18.2600000,20.2600000,73
20120930,000000,20.2600000,20.2600000,20.2600000,20.2600000,1
20121001,000000,20.7800000,21.1500000,19.2700000,21.1000000,118
20121002,000000,21.1700000,21.5400000,21.1000000,21.3900000,104
20121003,000000,21.2300000,21.5300000,21.1300000,21.4200000,719
20121004,000000,21.7000000,21.7000000,20.9600000,21.5500000,130
20121005,000000,21.0700000,21.4300000,19.8400000,21.3200000,84
20121007,000000,21.3200000,21.3200000,21.3200000,21.3200000,0
20121008,000000,21.2700000,21.2700000,19.5500000,21.2100000,61
20121009,000000,21.4000000,21.5700000,20.4000000,21.2800000,87
20121010,000000,21.1200000,21.2700000,19.5500000,20.9400000,102
20121011,000000,20.4900000,20.6900000,19.6700000,20.3600000,122
20121012,000000,20.0200000,20.0200000,19.6900000,19.9400000,84
20121014,000000,19.9400000,19.9400000,19.9400000,19.9400000,1
20121015,000000,19.8300000,19.8800000,19.4800000,19.6900000,65
20121016,000000,19.7400000,20.0100000,19.7400000,20.0100000,39
20121017,000000,19.9700000,20.1000000,19.3300000,19.9000000,58
20121018,000000,19.7000000,19.7900000,19.6300000,19.7700000,63
20121019,000000,19.5800000,20.3100000,19.5700000,20.1200000,136
20121021,000000,20.0400000,20.0400000,20.0400000,20.0400000,1
20121022,000000,19.8200000,20.0500000,19.7200000,19.8400000,51
20121023,000000,19.4900000,19.5400000,19.4600000,19.5400000,28
20121024,000000,19.3900000,19.6700000,19.0300000,19.5600000,30
20121025,000000,19.6100000,19.6100000,19.0900000,19.4100000,46
20121026,000000,19.3200000,19.5000000,18.9900000,19.2300000,38
20121028,000000,19.2400000,19.2400000,19.2400000,19.2400000,0
20121029,000000,19.2400000,19.3000000,19.0000000,19.0200000,22
20121030,000000,19.4800000,19.5500000,19.3800000,19.5400000,0
20121031,000000,19.2900000,19.3800000,18.9500000,19.0200000,84
20121101,000000,18.5000000,19.2800000,18.5000000,19.1200000,52
20121102,000000,19.2500000,19.3600000,19.0700000,19.3600000,71
20121104,000000,19.3700000,19.3700000,19.3700000,19.3700000,0
20121105,000000,18.4000000,19.3400000,18.4000000,19.3100000,68
20121106,000000,19.4600000,19.5600000,18.0500000,18.7800000,43
20121107,000000,19.2800000,19.3400000,18.0500000,18.8500000,139
20121108,000000,18.7300000,18.8400000,17.3900000,18.8000000,63
20121109,000000,18.7100000,19.1200000,17.6500000,19.1200000,72
20121111,000000,18.9800000,18.9800000,18.9800000,18.9800000,0
20121112,000000,18.9500000,19.3100000,18.3000000,18.3100000,46
20121113,000000,19.4100000,19.4700000,19.1400000,19.1500000,0
20121114,000000,19.3200000,19.3700000,18.9600000,18.9700000,0
20121115,000000,18.8800000,18.9400000,18.0500000,18.0600000,0
20121116,000000,18.8400000,19.0700000,18.0500000,18.1500000,24
20121119,000000,19.6700000,19.8400000,19.1300000,19.8100000,38
20121120,000000,19.6700000,19.8500000,19.2600000,19.8100000,53
20121121,000000,19.5000000,19.5300000,19.2600000,19.3300000,34
20121123,000000,19.1200000,19.1800000,18.2600000,18.2700000,50
20121125,000000,18.2700000,18.2700000,18.2700000,18.2700000,0
20121126,000000,19.0900000,19.1500000,18.3500000,18.6200000,0
20121127,000000,19.2200000,19.2200000,18.7300000,18.7700000,56
20121128,000000,18.9300000,19.1300000,18.7300000,18.7900000,34
20121129,000000,19.0700000,19.1900000,17.6500000,18.3700000,29
20121130,000000,19.1100000,19.2500000,17.3200000,18.3700000,41
20121202,000000,18.9000000,18.9000000,18.9000000,18.9000000,0
20121203,000000,19.5300000,19.7000000,18.7700000,19.7000000,132
20121204,000000,19.5900000,19.7400000,18.3500000,18.9000000,252
20121205,000000,19.1800000,19.5000000,19.0300000,19.0400000,228
20121206,000000,19.3800000,19.3800000,18.3500000,18.6800000,28
20121207,000000,19.1800000,19.2400000,18.0500000,18.0900000,0
20121209,000000,18.0900000,18.0900000,18.0900000,18.0900000,0
20121210,000000,18.8200000,18.8200000,16.0000000,17.9100000,30
20121211,000000,18.5800000,18.7600000,16.9500000,17.9500000,28
20121212,000000,18.6300000,18.6300000,18.4600000,18.4700000,68
20121213,000000,18.1400000,18.4300000,18.1400000,18.1900000,39
20121214,000000,18.5300000,18.8500000,18.1300000,18.1400000,56
20121216,000000,18.1400000,18.1400000,18.1400000,18.1400000,0
20121217,000000,19.0500000,19.2900000,18.7300000,18.7400000,54
20121218,000000,19.1700000,19.2400000,18.0200000,18.3200000,85
20121219,000000,19.1800000,19.2200000,18.3700000,18.3700000,36
20121220,000000,18.8000000,19.1100000,18.5300000,18.6100000,76
20121221,000000,19.0200000,19.1800000,18.7300000,18.7600000,37
20121223,000000,18.7600000,18.7600000,18.7600000,18.7600000,0
20121224,000000,19.0100000,19.0300000,18.6600000,19.0000000,0
20121226,000000,18.9600000,18.9600000,16.0000000,18.1000000,0
20121227,000000,19.0900000,19.3900000,18.7600000,18.7700000,0
20121228,000000,19.3200000,19.4000000,16.0000000,16.0000000,0
20121230,000000,16.0000000,16.0000000,16.0000000,16.0000000,0
20121231,000000,19.4200000,19.4200000,19.1300000,19.1300000,0
20130102,000000,19.5900000,19.5900000,16.0000000,18.7100000,11
20130103,000000,19.0600000,19.2100000,16.0000000,18.0100000,63
20130104,000000,18.6600000,18.8000000,18.6000000,18.6100000,29
20130106,000000,18.6100000,18.6100000,18.6100000,18.6100000,0
20130107,000000,18.9500000,18.9600000,18.4600000,18.4900000,49
20130108,000000,18.5700000,18.6700000,18.3300000,18.3400000,59
20130109,000000,18.4700000,18.6000000,17.9600000,18.0500000,35
20130110,000000,18.6600000,18.8200000,18.3600000,18.4800000,29
20130111,000000,18.7800000,19.0000000,16.0000000,18.0000000,54
20130113,000000,16.0000000,16.0000000,16.0000000,16.0000000,0
20130114,000000,18.8100000,18.8200000,18.8100000,18.8200000,0
20130115,000000,18.8100000,18.8100000,18.6000000,18.6100000,50
20130116,000000,18.4500000,18.4900000,16.9000000,18.4500000,27
20130117,000000,18.2900000,18.4300000,16.7000000,17.4000000,0
20130118,000000,18.3700000,18.3700000,16.5300000,17.4600000,0
20130120,000000,17.4600000,17.4600000,17.4600000,17.4600000,0
20130122,000000,18.2200000,18.2200000,17.2000000,17.3500000,0
20130123,000000,18.1100000,18.4100000,17.9300000,17.9600000,45
20130124,000000,18.2500000,18.3600000,17.7800000,17.8300000,19
20130125,000000,18.2100000,18.2600000,16.7000000,17.4800000,29
20130127,000000,17.4800000,17.4800000,17.4800000,17.4800000,0
20130128,000000,18.5700000,18.6300000,16.0000000,17.9700000,60
20130129,000000,18.2200000,18.2800000,16.0000000,17.3900000,69
20130130,000000,18.5000000,18.5800000,16.0000000,17.9100000,0
20130131,000000,18.5500000,18.6800000,16.0000000,17.7800000,69
20130201,000000,18.7500000,18.8800000,16.8500000,17.8500000,261
20130203,000000,17.8500000,17.8500000,17.8500000,17.8500000,0
20130204,000000,18.7100000,18.7500000,16.0000000,18.0400000,48
20130205,000000,18.6500000,18.6600000,16.0000000,18.0100000,66
20130206,000000,18.2200000,18.2400000,16.0000000,17.3600000,39
20130207,000000,18.0900000,18.2500000,16.0000000,17.4200000,71
20130208,000000,17.9100000,18.1800000,16.0000000,17.3400000,56
20130210,000000,17.3400000,17.3400000,17.3400000,17.3400000,0
20130211,000000,18.1800000,18.3300000,16.0000000,17.6600000,31
20130212,000000,18.1300000,18.2300000,16.0000000,17.3300000,131
20130213,000000,18.0500000,18.1900000,16.0000000,17.4900000,27
20130214,000000,17.8300000,17.9300000,16.0000000,17.2500000,33
20130215,000000,16.0000000,17.9600000,16.0000000,17.2000000,22
20130217,000000,17.2000000,17.2000000,17.2000000,17.2000000,0
20130219,000000,18.0600000,18.1700000,16.0000000,17.3200000,68
20130220,000000,18.2800000,18.2800000,16.0000000,17.4400000,21
20130221,000000,18.0400000,18.0600000,16.0000000,17.3200000,63
20130222,000000,18.0200000,18.1200000,16.0000000,17.4000000,56
20130224,000000,17.4000000,17.4000000,17.4000000,17.4000000,0
20130225,000000,18.1600000,18.2000000,16.0000000,17.2000000,80
20130226,000000,17.6400000,17.7700000,16.0000000,17.0000000,68
20130227,000000,16.1500000,17.2100000,16.1500000,17.2100000,6
20130228,000000,17.9000000,18.4100000,16.0000000,18.2100000,101
20130301,000000,17.9400000,17.9400000,16.0000000,17.1500000,33
20130304,000000,16.0000000,17.9100000,16.0000000,17.3300000,0
20130305,000000,18.0000000,18.1200000,16.0000000,17.4300000,19
20130306,000000,18.0100000,18.0700000,16.4300000,17.4300000,26
20130307,000000,18.3400000,18.6500000,16.4300000,17.8700000,23
20130308,000000,18.6800000,18.9500000,16.4300000,17.8200000,63
20130310,000000,17.8200000,17.8200000,17.8200000,17.8200000,0
20130311,000000,18.6500000,18.7900000,16.0000000,18.5000000,0
20130312,000000,18.6600000,18.6800000,16.0000000,18.0000000,0
20130313,000000,18.6100000,18.7000000,16.4000000,17.9900000,37
20130314,000000,18.5100000,18.7200000,16.5000000,18.1000000,114
20130315,000000,18.6300000,18.9500000,16.5000000,18.0000000,49
20130317,000000,18.0000000,18.0000000,18.0000000,18.0000000,0
20130318,000000,18.2000000,18.2200000,16.0000000,17.3900000,0
20130319,000000,18.1500000,18.2200000,16.0000000,17.3800000,13
20130320,000000,18.2100000,18.2300000,16.0000000,17.3800000,13
20130321,000000,18.1400000,18.2000000,15.6000000,17.3800000,30
20130322,000000,18.0800000,18.3200000,16.0000000,17.1500000,28
20130324,000000,14.5000000,14.5000000,14.5000000,14.5000000,0
20130325,000000,17.9300000,17.9900000,16.0000000,16.9500000,0
20130326,000000,17.7700000,17.7700000,15.9000000,16.8500000,11
20130327,000000,17.8000000,17.8300000,15.5000000,16.9200000,25
20130328,000000,17.6900000,17.8100000,15.8200000,16.6200000,49
20130331,000000,17.6000000,17.6000000,17.6000000,17.6000000,0
20130401,000000,17.6300000,17.7100000,17.5900000,17.5900000,91
20130402,000000,17.6000000,17.6000000,15.5000000,16.5700000,16
20130403,000000,17.4400000,17.5000000,17.0700000,17.0800000,17
20130404,000000,17.4800000,17.6100000,16.8100000,17.6100000,0
20130405,000000,17.5500000,17.5700000,16.8100000,16.8200000,19
20130407,000000,16.8200000,16.8200000,16.8200000,16.8200000,0
20130408,000000,17.5700000,17.5700000,15.6500000,16.7000000,0
20130409,000000,17.5400000,17.6300000,15.5000000,16.7500000,14
20130410,000000,17.6900000,17.7700000,15.7000000,16.8600000,13
20130411,000000,17.6100000,17.7900000,16.8200000,16.8200000,0
20130412,000000,17.8400000,17.9900000,16.0000000,17.0600000,22
20130415,000000,17.8400000,17.8600000,15.9000000,16.7900000,0
20130416,000000,17.7300000,17.8400000,15.9000000,16.9000000,0
20130417,000000,17.7700000,17.7800000,15.9500000,16.7700000,0
20130418,000000,17.6200000,17.6200000,15.7000000,16.6600000,0
20130419,000000,17.6100000,17.8400000,15.6300000,16.9500000,0
20130422,000000,17.7000000,17.7400000,15.8400000,16.8900000,0
20130423,000000,17.6600000,17.7300000,15.7200000,16.7200000,0
20130424,000000,17.4500000,17.4500000,15.4100000,16.3800000,0
20130425,000000,17.2200000,17.2800000,15.3100000,16.4000000,7
20130426,000000,17.2100000,17.2700000,15.4300000,16.2900000,28
20130428,000000,16.3700000,16.3700000,16.3700000,16.3700000,0
20130429,000000,17.2500000,17.4100000,17.2500000,17.2600000,24
20130430,000000,17.4900000,17.6900000,17.3400000,17.3500000,133
20130501,000000,17.4400000,17.4600000,14.3000000,16.5000000,0
20130502,000000,17.1600000,17.4600000,17.1600000,17.3200000,47
20130503,000000,17.4600000,17.7400000,16.4000000,16.5800000,41
20130505,000000,16.5800000,16.5800000,16.5800000,16.5800000,1
20130506,000000,17.5700000,17.7700000,17.5000000,17.5100000,22
20130507,000000,17.6300000,17.6300000,15.8000000,16.6200000,0
20130508,000000,17.4000000,17.4200000,16.5000000,16.5100000,24
20130509,000000,17.3800000,17.4400000,15.4700000,16.4700000,25
20130510,000000,17.3600000,17.4100000,15.5400000,16.3900000,31
20130512,000000,16.3900000,16.3900000,16.3900000,16.3900000,3
20130513,000000,17.2400000,17.2400000,16.4000000,16.4100000,42
20130514,000000,16.1000000,16.9500000,15.0500000,16.0100000,22
20130515,000000,16.8900000,16.8900000,14.9800000,15.9300000,19
20130516,000000,16.6700000,16.7500000,15.0000000,15.8700000,12
20130517,000000,16.7300000,16.7800000,16.0000000,16.0200000,18
20130519,000000,16.0200000,16.0200000,16.0200000,16.0200000,0
20130520,000000,16.6600000,16.6600000,15.6800000,15.9800000,0
20130521,000000,16.6000000,16.7300000,15.6800000,15.9100000,14
20130522,000000,16.7100000,16.7400000,15.2300000,15.6000000,26
20130523,000000,16.6800000,16.7600000,15.2300000,15.9400000,60
20130524,000000,16.6900000,16.7800000,15.2300000,15.9800000,35
20130528,000000,16.7000000,16.7000000,15.2300000,15.7200000,36
20130529,000000,16.5200000,16.5500000,15.2300000,15.6600000,13
20130530,000000,16.5200000,16.5800000,15.2300000,15.6800000,14
20130531,000000,16.4200000,16.5000000,16.4200000,16.4300000,22
20130602,000000,16.2200000,16.2200000,16.2200000,16.2200000,0
20130603,000000,16.3900000,16.3900000,15.2300000,15.8300000,33
20130604,000000,16.2700000,16.3200000,15.2300000,15.3800000,48
20130605,000000,16.2800000,16.2800000,15.2300000,15.2400000,53
20130606,000000,15.5000000,16.3300000,15.5000000,16.0200000,54
20130607,000000,16.3000000,16.3600000,16.2900000,16.2900000,25
20130609,000000,16.2900000,16.2900000,16.2900000,16.2900000,0
20130610,000000,16.3000000,16.3000000,16.2900000,16.2900000,0
20130611,000000,16.0700000,16.2700000,15.4200000,15.7400000,29
20130612,000000,16.1700000,16.1700000,15.4200000,15.6600000,0
20130613,000000,16.0900000,16.1500000,15.2300000,15.2700000,48
20130614,000000,16.3100000,16.3900000,16.3100000,16.3900000,36
