20100104,000000,544.7500000,561.2500000,544.0000000,557.7500000,0
20100105,000000,556.7500000,561.5000000,552.0000000,553.0000000,0
20100106,000000,552.0000000,567.7500000,551.0000000,567.2500000,0
20100107,000000,566.5000000,568.0000000,556.0000000,557.7500000,0
20100108,000000,557.5000000,570.0000000,545.2500000,568.5000000,0
20100111,000000,569.0000000,575.0000000,563.7500000,572.5000000,0
20100112,000000,570.0000000,570.5000000,520.5000000,535.7500000,0
20100113,000000,534.7500000,538.0000000,519.2500000,537.0000000,0
20100114,000000,536.7500000,537.2500000,525.5000000,527.7500000,0
20100115,000000,525.2500000,525.7500000,509.2500000,510.0000000,0
20100119,000000,511.0000000,515.2500000,496.5000000,500.5000000,0
20100120,000000,501.0000000,501.5000000,485.2500000,497.5000000,0
20100121,000000,497.7500000,500.5000000,493.0000000,499.5000000,0
20100122,000000,500.5000000,502.0000000,491.5000000,498.5000000,0
20100125,000000,500.2500000,504.0000000,496.2500000,498.2500000,0
20100126,000000,497.2500000,500.5000000,491.5000000,494.0000000,0
20100127,000000,493.5000000,495.0000000,483.0000000,483.7500000,0
20100128,000000,485.7500000,489.2500000,482.7500000,487.0000000,0
20100129,000000,486.5000000,488.5000000,473.0000000,474.0000000,0
20100201,000000,476.0000000,483.7500000,473.0000000,474.7500000,0
20100202,000000,474.2500000,492.5000000,474.2500000,487.2500000,0
20100203,000000,487.5000000,494.7500000,468.2500000,469.0000000,0
20100204,000000,471.0000000,482.0000000,466.5000000,475.7500000,0
20100205,000000,475.0000000,476.5000000,467.0000000,473.2500000,0
20100208,000000,479.5000000,489.0000000,476.2500000,484.0000000,0
20100209,000000,483.0000000,488.5000000,476.7500000,482.2500000,0
20100210,000000,483.5000000,503.0000000,480.7500000,496.7500000,0
20100211,000000,497.7500000,501.5000000,486.5000000,493.5000000,0
20100212,000000,493.5000000,493.7500000,480.2500000,486.5000000,0
20100215,000000,493.5000000,493.7500000,480.2500000,486.5000000,0
20100216,000000,490.0000000,509.0000000,488.2500000,505.0000000,0
20100217,000000,504.2500000,504.7500000,492.5000000,494.7500000,0
20100218,000000,495.0000000,499.5000000,483.0000000,485.0000000,0
20100219,000000,481.0000000,490.5000000,477.5000000,489.7500000,0
20100222,000000,489.7500000,504.0000000,485.2500000,501.2500000,0
20100223,000000,499.2500000,501.5000000,491.0000000,491.7500000,0
20100224,000000,492.0000000,502.2500000,489.5000000,500.2500000,0
20100225,000000,499.0000000,500.5000000,488.0000000,489.7500000,0
20100226,000000,503.2500000,520.2500000,503.0000000,519.2500000,0
20100301,000000,520.7500000,526.0000000,496.2500000,504.5000000,0
20100302,000000,505.7500000,509.7500000,498.2500000,504.5000000,0
20100303,000000,503.7500000,517.7500000,503.7500000,515.7500000,0
20100304,000000,514.7500000,515.2500000,499.5000000,502.2500000,0
20100305,000000,503.5000000,508.5000000,492.2500000,493.5000000,0
20100308,000000,495.5000000,498.7500000,492.7500000,495.0000000,0
20100309,000000,494.2500000,494.5000000,488.0000000,489.5000000,0
20100310,000000,488.7500000,492.0000000,478.0000000,481.5000000,0
20100311,000000,480.7500000,483.2500000,475.5000000,478.7500000,0
20100312,000000,479.2500000,486.2500000,477.2500000,485.2500000,0
20100315,000000,484.7500000,487.0000000,476.7500000,479.2500000,0
20100316,000000,480.2500000,489.0000000,479.5000000,487.0000000,0
20100317,000000,487.7500000,498.2500000,485.2500000,496.0000000,0
20100318,000000,494.5000000,494.7500000,484.5000000,489.2500000,0
20100319,000000,489.2500000,490.7500000,482.5000000,483.7500000,0
20100322,000000,484.2500000,492.7500000,482.2500000,486.5000000,0
20100323,000000,485.2500000,489.0000000,475.7500000,476.7500000,0
20100324,000000,477.0000000,478.7500000,472.0000000,476.0000000,0
20100325,000000,475.5000000,478.2500000,464.5000000,466.5000000,0
20100326,000000,466.2500000,468.7500000,464.0000000,464.7500000,0
20100329,000000,465.5000000,471.2500000,464.0000000,464.7500000,0
20100330,000000,464.7500000,473.7500000,462.2500000,472.0000000,0
20100331,000000,472.0000000,474.2500000,450.0000000,450.5000000,0
20100401,000000,452.5000000,457.7500000,449.5000000,454.7500000,0
20100405,000000,456.0000000,459.5000000,447.0000000,453.5000000,0
20100406,000000,454.0000000,470.0000000,448.7500000,463.5000000,0
20100407,000000,463.7500000,479.7500000,456.5000000,475.2500000,0
20100408,000000,474.2500000,474.7500000,467.0000000,469.2500000,0
20100409,000000,469.5000000,478.7500000,462.5000000,465.7500000,0
20100412,000000,469.0000000,474.5000000,466.0000000,467.7500000,0
20100413,000000,467.0000000,476.5000000,463.5000000,476.0000000,0
20100414,000000,475.2500000,482.0000000,470.5000000,474.7500000,0
20100415,000000,474.2500000,482.5000000,472.5000000,480.2500000,0
20100416,000000,479.7500000,491.2500000,476.2500000,490.5000000,0
20100419,000000,489.0000000,489.0000000,466.7500000,467.7500000,0
20100420,000000,469.5000000,487.2500000,468.5000000,486.0000000,0
20100421,000000,486.7500000,490.0000000,481.7500000,487.2500000,0
20100422,000000,486.5000000,499.5000000,480.7500000,498.5000000,0
20100423,000000,498.0000000,499.2500000,489.7500000,493.2500000,0
20100426,000000,492.5000000,502.5000000,449.0000000,476.0000000,0
20100427,000000,476.7500000,481.2500000,471.2500000,478.2500000,0
20100428,000000,477.0000000,484.0000000,470.7500000,476.2500000,0
20100429,000000,477.0000000,495.2500000,477.0000000,484.5000000,0
20100430,000000,495.0000000,505.2500000,493.2500000,503.0000000,0
20100503,000000,503.0000000,508.0000000,491.5000000,501.7500000,0
20100504,000000,501.5000000,512.0000000,493.2500000,510.7500000,0
20100505,000000,510.2500000,513.2500000,502.0000000,512.0000000,0
20100506,000000,511.7500000,514.0000000,500.2500000,508.2500000,0
20100507,000000,504.2500000,517.0000000,498.5000000,510.5000000,0
20100510,000000,510.7500000,514.5000000,491.5000000,492.7500000,0
20100511,000000,493.5000000,498.5000000,489.0000000,493.2500000,0
20100512,000000,493.2500000,508.5000000,490.0000000,491.5000000,0
20100513,000000,491.0000000,493.0000000,477.5000000,479.0000000,0
20100514,000000,479.0000000,481.5000000,470.5000000,471.5000000,0
20100517,000000,471.0000000,474.5000000,466.2500000,469.0000000,0
20100518,000000,469.0000000,473.5000000,466.0000000,467.7500000,0
20100519,000000,467.7500000,472.0000000,465.2500000,469.2500000,0
20100520,000000,470.5000000,472.2500000,461.2500000,469.7500000,0
20100521,000000,469.5000000,475.0000000,466.5000000,472.0000000,0
20100524,000000,473.7500000,476.0000000,466.0000000,467.5000000,0
20100525,000000,465.5000000,466.7500000,456.2500000,460.5000000,0
20100526,000000,462.7500000,472.0000000,459.0000000,461.7500000,0
20100527,000000,460.5000000,473.5000000,458.0000000,467.7500000,0
20100528,000000,468.5000000,473.5000000,456.5000000,457.7500000,0
20100601,000000,457.7500000,461.2500000,448.7500000,450.7500000,0
20100602,000000,450.0000000,454.5000000,442.0000000,442.5000000,0
20100603,000000,443.5000000,448.0000000,440.5000000,441.7500000,0
20100604,000000,442.5000000,444.2500000,435.2500000,435.7500000,0
20100607,000000,435.2500000,438.5000000,431.2500000,432.2500000,0
20100608,000000,432.2500000,436.5000000,431.2500000,432.2500000,0
20100609,000000,432.7500000,436.0000000,425.5000000,428.0000000,0
20100610,000000,428.0000000,437.5000000,426.7500000,433.2500000,0
20100611,000000,433.0000000,449.0000000,427.5000000,440.7500000,0
20100614,000000,442.7500000,454.7500000,441.7500000,451.5000000,0
20100615,000000,451.0000000,456.2500000,445.2500000,451.7500000,0
20100616,000000,451.5000000,468.0000000,451.0000000,461.2500000,0
20100617,000000,461.0000000,465.5000000,453.5000000,462.7500000,0
20100618,000000,462.5000000,470.0000000,458.7500000,461.7500000,0
20100621,000000,462.7500000,469.2500000,455.2500000,462.0000000,0
20100622,000000,461.2500000,463.7500000,455.7500000,460.7500000,0
20100623,000000,459.7500000,468.5000000,458.2500000,462.2500000,0
20100624,000000,461.2500000,470.0000000,461.0000000,463.0000000,0
20100625,000000,462.7500000,464.7500000,455.2500000,456.2500000,0
20100628,000000,455.5000000,455.5000000,444.0000000,449.5000000,0
20100629,000000,448.2500000,448.5000000,440.0000000,442.0000000,0
20100630,000000,456.5000000,492.7500000,456.5000000,480.2500000,0
20100701,000000,479.2500000,504.0000000,475.5000000,499.7500000,0
20100702,000000,498.2500000,508.0000000,495.0000000,503.0000000,0
20100706,000000,500.0000000,526.0000000,500.0000000,507.5000000,0
20100707,000000,504.7500000,532.2500000,504.7500000,530.5000000,0
20100708,000000,529.0000000,549.2500000,524.5000000,548.5000000,0
20100709,000000,546.2500000,546.2500000,532.5000000,538.0000000,0
20100712,000000,535.0000000,541.7500000,533.5000000,535.7500000,0
20100713,000000,534.0000000,551.7500000,530.7500000,549.2500000,0
20100714,000000,546.0000000,566.0000000,545.2500000,559.0000000,0
20100715,000000,556.7500000,598.5000000,555.5000000,596.2500000,0
20100716,000000,595.5000000,597.7500000,578.7500000,587.2500000,0
20100719,000000,582.5000000,597.7500000,575.2500000,582.2500000,0
20100720,000000,580.5000000,581.0000000,572.7500000,577.0000000,0
20100721,000000,577.0000000,594.0000000,574.0000000,588.2500000,0
20100722,000000,587.0000000,610.0000000,583.7500000,596.5000000,0
20100723,000000,596.0000000,603.7500000,593.2500000,596.2500000,0
20100726,000000,596.2500000,596.2500000,584.5000000,589.5000000,0
20100727,000000,587.0000000,604.0000000,582.5000000,595.0000000,0
20100728,000000,593.0000000,623.2500000,592.0000000,615.5000000,0
20100729,000000,615.2500000,632.0000000,613.0000000,627.5000000,0
20100730,000000,626.2500000,663.0000000,625.7500000,661.5000000,0
20100802,000000,660.0000000,711.2500000,657.0000000,693.2500000,0
20100803,000000,692.0000000,697.5000000,674.7500000,680.0000000,0
20100804,000000,680.0000000,732.0000000,678.2500000,725.7500000,0
20100805,000000,726.2500000,785.7500000,724.0000000,785.7500000,0
20100806,000000,788.2500000,841.0000000,725.7500000,725.7500000,0
20100809,000000,710.7500000,738.2500000,684.5000000,712.5000000,0
20100810,000000,713.0000000,718.2500000,690.0000000,694.7500000,0
20100811,000000,695.0000000,709.5000000,680.5000000,694.7500000,0
20100812,000000,695.0000000,734.5000000,689.0000000,713.0000000,0
20100813,000000,710.0000000,724.7500000,700.2500000,702.5000000,0
20100816,000000,700.0000000,709.0000000,655.7500000,663.7500000,0
20100817,000000,664.7500000,676.7500000,649.7500000,651.0000000,0
20100818,000000,652.7500000,665.0000000,645.0000000,656.0000000,0
20100819,000000,657.0000000,700.0000000,657.0000000,681.2500000,0
20100820,000000,685.0000000,695.7500000,670.0000000,679.0000000,0
20100823,000000,679.0000000,697.0000000,677.2500000,692.2500000,0
20100824,000000,691.5000000,693.0000000,668.2500000,674.7500000,0
20100825,000000,674.7500000,682.7500000,646.5000000,647.7500000,0
20100826,000000,650.2500000,665.2500000,649.7500000,656.5000000,0
20100827,000000,657.5000000,673.2500000,655.0000000,662.5000000,0
20100830,000000,666.0000000,695.2500000,665.5000000,671.2500000,0
20100831,000000,702.0000000,714.0000000,683.2500000,685.7500000,0
20100901,000000,688.5000000,712.0000000,685.7500000,708.7500000,0
20100902,000000,708.5000000,723.0000000,706.0000000,713.7500000,0
20100903,000000,715.2500000,742.0000000,714.0000000,741.2500000,0
20100907,000000,741.2500000,748.5000000,727.0000000,735.2500000,0
20100908,000000,735.5000000,735.5000000,708.5000000,711.0000000,0
20100909,000000,712.5000000,743.0000000,706.0000000,738.0000000,0
20100910,000000,736.0000000,744.2500000,717.0000000,736.7500000,0
20100913,000000,738.0000000,754.5000000,732.7500000,745.0000000,0
20100914,000000,748.0000000,751.0000000,730.5000000,736.0000000,0
20100915,000000,735.7500000,744.2500000,723.0000000,726.7500000,0
20100916,000000,728.2500000,737.7500000,711.5000000,719.2500000,0
20100917,000000,725.5000000,743.0000000,723.0000000,739.2500000,0
20100920,000000,738.5000000,757.0000000,729.0000000,731.7500000,0
20100921,000000,728.7500000,734.0000000,716.5000000,718.0000000,0
20100922,000000,721.0000000,732.0000000,713.5000000,719.7500000,0
20100923,000000,720.5000000,722.0000000,693.0000000,697.2500000,0
20100924,000000,701.2500000,723.0000000,697.5000000,720.0000000,0
20100927,000000,722.0000000,731.0000000,702.0000000,706.5000000,0
20100928,000000,705.0000000,707.7500000,684.5000000,684.7500000,0
20100929,000000,685.2500000,688.2500000,663.2500000,683.5000000,0
20100930,000000,685.7500000,686.0000000,651.0000000,674.0000000,0
20101001,000000,674.0000000,678.2500000,646.5000000,655.0000000,0
20101004,000000,650.0000000,655.7500000,643.5000000,647.2500000,0
20101005,000000,647.7500000,667.7500000,644.0000000,663.5000000,0
20101006,000000,664.2500000,673.2500000,662.7500000,669.7500000,0
20101007,000000,661.4000000,676.2000000,656.4000000,665.4000000,28354
20101008,000000,665.2000000,719.2000000,657.0000000,719.2000000,25779
20101010,000000,737.4000000,739.6000000,715.0000000,727.0000000,11142
20101011,000000,726.6000000,733.0000000,703.0000000,712.4000000,39156
20101012,000000,711.4000000,719.6000000,703.0000000,710.0000000,35704
20101013,000000,710.0000000,722.2000000,695.0000000,710.2000000,43409
20101014,000000,710.4000000,712.2000000,697.4000000,705.6000000,32151
20101015,000000,705.4000000,713.6000000,695.0000000,703.0000000,34288
20101017,000000,701.6000000,709.0000000,699.4000000,703.0000000,1616
20101018,000000,703.6000000,706.4000000,687.2000000,696.0000000,32336
20101019,000000,696.2000000,696.2000000,668.2000000,677.0000000,38960
20101020,000000,676.6000000,692.2000000,674.0000000,681.4000000,30843
20101021,000000,681.4000000,687.0000000,667.0000000,671.0000000,26407
20101022,000000,671.2000000,676.0000000,665.0000000,670.6000000,23427
20101024,000000,670.6000000,681.4000000,669.0000000,680.6000000,2493
20101025,000000,680.2000000,686.0000000,670.0000000,674.0000000,21606
20101026,000000,673.6000000,701.0000000,670.4000000,691.0000000,43296
20101027,000000,691.2000000,707.4000000,686.4000000,703.4000000,35394
20101028,000000,703.0000000,721.6000000,702.0000000,715.0000000,37700
20101029,000000,715.0000000,725.0000000,711.2000000,717.2000000,34693
20101031,000000,724.4000000,727.4000000,719.2000000,725.6000000,2377
20101101,000000,725.4000000,728.0000000,701.2000000,706.6000000,39824
20101102,000000,707.0000000,711.2000000,692.4000000,695.6000000,29635
20101103,000000,696.0000000,699.4000000,680.4000000,695.2000000,37609
20101104,000000,695.2000000,723.0000000,694.6000000,721.4000000,39382
20101105,000000,721.6000000,731.4000000,705.0000000,728.6000000,35816
20101107,000000,730.0000000,739.0000000,726.2000000,733.0000000,3582
20101108,000000,734.0000000,744.4000000,721.0000000,742.4000000,32675
20101109,000000,742.6000000,760.6000000,695.0000000,713.4000000,64472
20101110,000000,713.4000000,723.4000000,703.0000000,716.6000000,33702
20101111,000000,716.4000000,723.0000000,685.4000000,687.6000000,41227
20101112,000000,687.6000000,699.0000000,661.2000000,669.2000000,66523
20101114,000000,676.0000000,681.6000000,670.2000000,671.0000000,3125
20101115,000000,670.2000000,685.0000000,667.4000000,671.4000000,35894
20101116,000000,671.4000000,672.4000000,621.0000000,626.2000000,68127
20101117,000000,626.2000000,647.0000000,617.6000000,644.4000000,37029
20101118,000000,644.4000000,657.2000000,641.4000000,643.0000000,23705
20101119,000000,643.0000000,657.6000000,636.2000000,644.4000000,24014
20101121,000000,643.6000000,652.6000000,639.0000000,650.2000000,2341
20101122,000000,650.2000000,653.0000000,640.4000000,647.6000000,16620
20101123,000000,647.2000000,649.4000000,634.4000000,648.4000000,21358
20101124,000000,648.2000000,656.0000000,642.2000000,647.4000000,13011
20101125,000000,647.4000000,654.2000000,647.4000000,650.2000000,683
20101126,000000,650.2000000,654.0000000,645.4000000,648.2000000,10188
20101128,000000,649.6000000,659.4000000,648.6000000,659.0000000,2712
20101129,000000,659.0000000,662.0000000,645.0000000,649.0000000,8477
20101130,000000,649.0000000,699.0000000,648.6000000,698.2000000,3284
20101201,000000,698.4000000,745.0000000,698.2000000,738.0000000,56462
20101202,000000,738.0000000,767.4000000,737.0000000,755.6000000,46316
20101203,000000,757.0000000,782.0000000,757.0000000,779.0000000,42090
20101205,000000,786.4000000,798.0000000,785.4000000,792.2000000,6113
20101206,000000,792.2000000,809.4000000,774.2000000,802.6000000,48145
20101207,000000,802.6000000,811.0000000,771.0000000,773.2000000,52854
20101208,000000,773.6000000,792.4000000,766.2000000,788.2000000,43388
20101209,000000,788.0000000,790.0000000,779.6000000,784.6000000,31110
20101210,000000,784.2000000,798.0000000,774.0000000,775.4000000,36692
20101213,000000,777.4000000,786.2000000,771.6000000,777.0000000,27866
20101214,000000,777.0000000,781.6000000,754.4000000,762.2000000,37926
20101215,000000,762.0000000,776.4000000,759.6000000,763.0000000,29369
20101216,000000,763.0000000,766.2000000,746.0000000,752.2000000,26173
20101217,000000,752.0000000,758.0000000,742.0000000,756.6000000,18901
20101219,000000,759.6000000,770.4000000,759.6000000,768.2000000,2459
20101220,000000,767.6000000,776.4000000,761.6000000,769.4000000,19671
20101221,000000,769.4000000,772.0000000,758.4000000,760.0000000,19066
20101222,000000,760.2000000,788.0000000,756.0000000,787.0000000,28325
20101223,000000,787.0000000,788.2000000,776.0000000,783.0000000,15699
20101226,000000,766.0000000,782.0000000,766.0000000,781.6000000,1487
20101227,000000,781.4000000,787.0000000,776.0000000,786.2000000,8589
20101228,000000,786.2000000,802.0000000,783.0000000,796.0000000,21258
20101229,000000,796.4000000,806.2000000,782.2000000,793.4000000,20940
20101230,000000,793.4000000,796.6000000,776.4000000,784.6000000,24354
20101231,000000,785.0000000,796.2000000,783.2000000,794.2000000,13458
20110102,000000,793.4000000,810.0000000,792.6000000,809.6000000,2615
20110103,000000,810.0000000,825.0000000,798.4000000,805.0000000,32543
20110104,000000,803.5000000,808.7500000,783.2500000,789.2500000,0
20110105,000000,781.0000000,810.2000000,776.6000000,803.4000000,34688
20110106,000000,803.0000000,805.0000000,782.0000000,784.2000000,32867
20110107,000000,784.0000000,794.0000000,772.0000000,774.0000000,30765
20110109,000000,777.0000000,782.2000000,775.4000000,779.6000000,1730
20110110,000000,780.0000000,783.0000000,766.2000000,769.6000000,35606
20110111,000000,769.6000000,776.6000000,758.2000000,761.0000000,33129
20110112,000000,760.6000000,790.4000000,760.2000000,777.0000000,55539
20110113,000000,776.6000000,787.4000000,769.2000000,779.2000000,39376
20110114,000000,779.2000000,781.6000000,763.0000000,773.2000000,41312
20110117,000000,776.0000000,789.2000000,773.4000000,788.2000000,2733
20110118,000000,788.4000000,803.0000000,781.6000000,802.4000000,36390
20110119,000000,802.0000000,808.0000000,794.2000000,796.0000000,42633
20110120,000000,795.6000000,806.2000000,782.0000000,802.2000000,39273
20110121,000000,802.2000000,830.0000000,798.6000000,824.4000000,50738
20110123,000000,829.4000000,839.4000000,827.4000000,836.0000000,3276
20110124,000000,837.0000000,839.4000000,821.2000000,823.2000000,38496
20110125,000000,823.0000000,848.2000000,820.6000000,845.2000000,48100
20110126,000000,844.6000000,863.4000000,843.0000000,859.6000000,34315
20110127,000000,859.0000000,860.6000000,842.4000000,844.0000000,34942
20110128,000000,844.2000000,847.6000000,824.4000000,825.6000000,42260
20110130,000000,825.0000000,836.4000000,823.0000000,835.0000000,4101
20110131,000000,835.0000000,847.6000000,833.2000000,836.0000000,37506
20110201,000000,836.0000000,846.0000000,831.4000000,845.0000000,33334
20110202,000000,845.2000000,872.6000000,844.4000000,862.0000000,43975
20110203,000000,862.2000000,866.6000000,846.0000000,861.6000000,40819
20110204,000000,862.0000000,862.2000000,842.4000000,853.6000000,34370
20110206,000000,860.6000000,869.4000000,857.6000000,866.6000000,2322
20110207,000000,867.0000000,868.6000000,851.4000000,859.0000000,27827
20110208,000000,858.6000000,881.4000000,844.0000000,877.6000000,49021
20110209,000000,878.0000000,893.2000000,876.4000000,879.4000000,36090
20110210,000000,879.4000000,885.6000000,861.2000000,869.4000000,40477
20110211,000000,868.4000000,871.2000000,855.4000000,867.0000000,31896
20110213,000000,875.0000000,883.4000000,874.0000000,882.4000000,2767
20110214,000000,882.2000000,884.6000000,864.6000000,869.0000000,25389
20110215,000000,869.0000000,869.0000000,830.4000000,841.2000000,52669
20110216,000000,842.2000000,849.2000000,825.4000000,842.6000000,36509
20110217,000000,843.4000000,853.4000000,840.4000000,845.6000000,24379
20110218,000000,846.0000000,851.4000000,817.2000000,822.2000000,36602
20110221,000000,825.2000000,832.4000000,822.4000000,827.2000000,3254
20110222,000000,826.4000000,835.4000000,751.2000000,759.0000000,39576
20110223,000000,759.0000000,769.4000000,723.0000000,760.2000000,25621
20110224,000000,759.2000000,764.0000000,741.0000000,754.2000000,6095
20110225,000000,754.6000000,795.0000000,751.0000000,776.4000000,4609
20110227,000000,783.4000000,783.4000000,776.6000000,780.2000000,74
20110228,000000,778.6000000,823.2000000,764.4000000,820.2000000,2610
20110301,000000,820.0000000,820.4000000,797.2000000,808.4000000,45285
20110302,000000,808.6000000,831.6000000,796.2000000,805.2000000,49349
20110303,000000,806.2000000,831.4000000,804.4000000,825.4000000,35614
20110304,000000,825.6000000,837.4000000,813.6000000,832.2000000,38021
20110306,000000,831.2000000,832.6000000,825.0000000,828.6000000,1800
20110307,000000,828.4000000,833.6000000,790.4000000,795.2000000,43039
20110308,000000,795.2000000,801.0000000,778.2000000,782.4000000,40070
20110309,000000,782.6000000,789.0000000,749.2000000,759.0000000,53077
20110310,000000,759.0000000,762.2000000,733.6000000,740.2000000,44216
20110311,000000,739.6000000,740.0000000,703.6000000,718.6000000,42610
20110314,000000,716.4000000,730.0000000,706.0000000,709.4000000,33031
20110315,000000,709.4000000,723.4000000,661.0000000,672.4000000,64478
20110316,000000,672.4000000,697.4000000,656.0000000,673.0000000,54929
20110317,000000,672.4000000,739.0000000,672.2000000,738.4000000,37367
20110318,000000,738.6000000,749.0000000,720.0000000,723.0000000,48009
20110320,000000,724.2000000,741.6000000,719.6000000,728.6000000,3632
20110321,000000,728.6000000,738.4000000,713.2000000,715.2000000,31217
20110322,000000,715.0000000,730.2000000,705.2000000,726.0000000,32322
20110323,000000,726.4000000,729.2000000,706.0000000,710.6000000,27371
20110324,000000,711.0000000,745.4000000,710.0000000,743.6000000,43110
20110325,000000,743.4000000,753.0000000,726.4000000,733.2000000,33501
20110327,000000,736.0000000,739.6000000,733.4000000,733.6000000,1262
20110328,000000,733.6000000,738.6000000,721.0000000,726.2000000,22955
20110329,000000,726.4000000,742.0000000,724.0000000,738.0000000,32659
20110330,000000,737.6000000,738.2000000,723.0000000,724.2000000,26809
20110331,000000,724.0000000,773.4000000,721.6000000,757.4000000,45532
20110401,000000,758.2000000,774.0000000,744.6000000,759.4000000,42803
20110404,000000,769.2000000,798.0000000,768.6000000,790.2000000,39596
20110405,000000,790.2000000,798.2000000,778.4000000,788.0000000,42635
20110406,000000,788.0000000,792.4000000,776.0000000,785.4000000,29234
20110407,000000,785.2000000,793.0000000,757.2000000,775.2000000,42064
20110408,000000,775.4000000,802.2000000,765.6000000,797.4000000,37976
20110410,000000,803.0000000,809.2000000,801.2000000,804.4000000,4307
20110411,000000,804.6000000,807.0000000,775.0000000,783.6000000,29029
20110412,000000,783.4000000,788.2000000,750.4000000,760.0000000,44916
20110413,000000,760.0000000,769.4000000,741.2000000,754.6000000,37402
20110414,000000,755.0000000,755.0000000,733.2000000,739.4000000,30611
20110415,000000,740.0000000,748.6000000,730.0000000,744.2000000,25294
20110417,000000,746.0000000,747.6000000,740.4000000,743.0000000,1045
20110418,000000,743.6000000,784.4000000,741.4000000,776.6000000,31359
20110419,000000,776.4000000,794.0000000,774.6000000,790.6000000,19155
20110420,000000,789.6000000,808.4000000,780.2000000,789.0000000,18491
20110421,000000,789.0000000,800.0000000,780.0000000,799.4000000,13072
20110424,000000,809.6000000,821.6000000,806.6000000,817.0000000,952
20110425,000000,818.6000000,830.0000000,798.4000000,810.0000000,7179
20110426,000000,810.6000000,825.2000000,802.6000000,805.2000000,5498
20110427,000000,806.0000000,807.6000000,765.0000000,776.0000000,5246
20110428,000000,777.6000000,784.2000000,737.2000000,737.4000000,3855
20110429,000000,739.0000000,769.2000000,739.0000000,769.2000000,505
20110501,000000,802.0000000,804.2000000,789.0000000,796.0000000,2628
20110502,000000,797.0000000,824.4000000,789.2000000,791.0000000,36858
20110503,000000,791.0000000,800.0000000,778.0000000,789.0000000,31151
20110504,000000,788.2000000,790.6000000,767.6000000,775.2000000,33820
20110505,000000,775.6000000,780.6000000,748.4000000,752.4000000,47856
20110506,000000,752.6000000,778.4000000,740.0000000,759.4000000,50444
20110508,000000,766.6000000,779.2000000,763.0000000,776.4000000,2264
20110509,000000,776.6000000,801.2000000,769.0000000,799.6000000,43603
20110510,000000,799.6000000,816.4000000,794.0000000,800.2500000,40120
20110511,000000,800.0000000,804.4000000,755.0000000,759.6000000,44814
20110512,000000,758.6000000,758.6000000,728.4000000,738.0000000,57062
20110513,000000,737.6000000,749.4000000,723.0000000,727.6000000,36709
20110515,000000,731.0000000,747.2000000,729.6000000,744.4000000,1841
20110516,000000,745.0000000,747.6000000,730.4000000,735.4000000,33217
20110517,000000,736.0000000,774.4000000,733.6000000,774.2000000,43553
20110518,000000,774.4000000,828.0000000,767.4000000,808.2000000,82166
20110519,000000,808.2000000,834.4000000,806.2000000,817.2000000,60921
20110520,000000,816.6000000,818.4000000,790.0000000,806.4000000,47741
20110522,000000,816.2000000,821.0000000,812.2000000,814.6000000,2513
20110523,000000,814.4000000,814.4000000,785.2000000,806.0000000,47288
20110524,000000,806.0000000,809.6000000,777.4000000,787.2000000,39017
20110525,000000,787.0000000,806.0000000,779.6000000,805.4000000,31724
20110526,000000,806.0000000,828.6000000,805.4000000,818.6000000,47608
20110527,000000,818.4000000,827.0000000,803.4000000,819.6000000,35729
20110530,000000,792.4000000,798.2000000,784.0000000,796.4000000,6045
20110531,000000,798.0000000,807.4000000,772.0000000,780.4000000,57941
20110601,000000,780.0000000,782.2000000,754.2000000,762.2000000,55724
20110602,000000,762.2000000,775.2000000,760.4000000,774.4000000,31557
20110603,000000,774.6000000,781.4000000,758.6000000,773.6000000,32731
20110605,000000,772.0000000,778.0000000,771.0000000,774.4000000,878
20110606,000000,774.6000000,777.4000000,741.0000000,746.2000000,43160
20110607,000000,746.2000000,746.2000000,731.2000000,735.4000000,39430
20110608,000000,735.4000000,759.4000000,732.0000000,751.2000000,41876
20110609,000000,751.4000000,777.0000000,739.0000000,748.0000000,51094
20110610,000000,748.2000000,763.6000000,737.4000000,759.2000000,42950
20110612,000000,760.4000000,770.0000000,760.4000000,764.2000000,1381
20110613,000000,764.4000000,768.4000000,740.2000000,744.4000000,31744
20110614,000000,743.0000000,748.0000000,742.7500000,743.2500000,0
20110615,000000,732.2000000,734.2000000,701.0000000,711.0000000,40115
20110616,000000,710.4000000,712.0000000,664.0000000,667.0000000,50892
20110617,000000,666.6000000,683.6000000,665.4000000,672.2000000,35755
20110619,000000,673.2000000,675.2000000,671.6000000,672.0000000,721
20110620,000000,671.4000000,673.6000000,654.2000000,658.0000000,27351
20110621,000000,658.6000000,681.2000000,657.6000000,677.6000000,22043
20110622,000000,677.6000000,679.4000000,617.2000000,638.6000000,31521
20110623,000000,639.0000000,652.4000000,606.0000000,651.6000000,19701
20110624,000000,652.2000000,659.2000000,631.4000000,635.6000000,13857
20110626,000000,636.6000000,636.6000000,623.4000000,624.0000000,587
20110627,000000,624.0000000,631.2000000,612.4000000,625.4000000,7629
20110628,000000,625.6000000,652.4000000,623.4000000,651.0000000,6916
20110629,000000,650.2000000,664.2000000,628.6000000,646.4000000,5172
20110630,000000,647.6000000,648.6000000,580.2000000,613.2000000,7007
20110701,000000,613.0000000,623.0000000,607.2000000,612.2000000,42027
20110704,000000,619.6000000,629.0000000,619.2000000,625.0000000,2266
20110705,000000,625.0000000,641.0000000,623.0000000,636.2000000,39811
20110706,000000,636.4000000,637.2000000,620.0000000,624.6000000,28400
20110707,000000,625.2000000,640.6000000,619.0000000,635.0000000,31064
20110708,000000,634.2000000,657.4000000,632.4000000,651.2000000,40181
20110710,000000,655.0000000,655.4000000,645.4000000,648.4000000,1251
20110711,000000,648.6000000,649.4000000,620.2000000,624.2000000,29569
20110712,000000,624.6000000,678.0000000,615.2000000,677.0000000,55090
20110713,000000,677.2000000,721.0000000,664.4000000,713.6000000,72171
20110714,000000,714.0000000,719.6000000,690.2000000,708.4000000,43120
20110715,000000,708.0000000,716.4000000,692.4000000,694.6000000,38073
20110717,000000,695.2000000,695.2000000,680.0000000,686.4000000,2299
20110718,000000,686.2000000,696.6000000,676.0000000,693.0000000,24987
20110719,000000,694.0000000,727.6000000,689.0000000,702.6000000,40497
20110720,000000,704.0000000,707.0000000,683.0000000,696.4000000,34015
20110721,000000,695.4000000,703.0000000,671.6000000,679.4000000,35480
20110722,000000,679.6000000,694.2000000,669.2000000,692.2000000,34183
20110724,000000,683.6000000,687.4000000,680.6000000,682.0000000,1697
20110725,000000,681.6000000,695.2000000,671.4000000,690.0000000,36902
20110726,000000,689.6000000,699.0000000,679.2000000,692.2000000,32086
20110727,000000,692.4000000,712.4000000,685.6000000,703.4000000,34899
20110728,000000,703.4000000,714.6000000,692.2000000,699.0000000,31857
20110729,000000,699.0000000,699.0000000,669.6000000,672.4000000,35784
20110731,000000,671.2000000,682.0000000,670.2000000,680.4000000,1309
20110801,000000,680.5000000,690.6000000,670.0000000,679.4000000,29943
20110802,000000,679.2000000,723.0000000,664.2000000,718.2000000,52061
20110803,000000,718.0000000,718.6000000,702.6000000,704.6000000,32364
20110804,000000,704.4000000,706.4000000,667.0000000,669.6000000,48389
20110805,000000,669.7500000,682.6000000,665.2000000,679.0000000,36525
20110807,000000,669.0000000,677.0000000,665.4000000,671.0000000,2108
20110808,000000,671.0000000,677.4000000,642.2000000,654.4000000,39355
20110809,000000,653.6000000,687.2000000,645.4000000,683.0000000,48598
20110810,000000,684.2000000,691.0000000,676.4000000,685.2000000,32429
20110811,000000,684.6000000,722.6000000,684.6000000,703.0000000,39408
20110812,000000,703.0000000,718.6000000,696.2000000,702.4000000,22522
20110814,000000,705.0000000,713.0000000,705.0000000,712.6000000,788
20110815,000000,712.0000000,721.2000000,706.6000000,711.2000000,16559
20110816,000000,711.2000000,732.6000000,704.2000000,729.0000000,21947
20110817,000000,729.4000000,739.2000000,718.6000000,721.4000000,13837
20110818,000000,721.2000000,722.2000000,699.4000000,705.0000000,12794
20110819,000000,705.4000000,733.4000000,701.0000000,730.6000000,11581
20110821,000000,734.4000000,740.0000000,730.6000000,738.4000000,581
20110822,000000,737.6000000,748.0000000,733.0000000,740.0000000,7582
20110823,000000,740.6000000,759.0000000,738.0000000,754.4000000,10474
20110824,000000,754.6000000,764.0000000,734.4000000,738.2000000,10097
20110825,000000,738.2000000,764.0000000,738.2000000,752.6000000,8663
20110826,000000,754.0000000,768.4000000,747.4000000,762.2000000,10855
20110828,000000,762.4000000,771.4000000,762.4000000,766.6000000,330
20110829,000000,767.0000000,771.4000000,747.6000000,750.0000000,3060
20110830,000000,751.0000000,756.0000000,737.4000000,737.4000000,3673
20110831,000000,738.4000000,789.2000000,728.2000000,786.4000000,2096
20110901,000000,786.0000000,787.6000000,758.0000000,766.2000000,43708
20110902,000000,766.2000000,778.6000000,758.0000000,775.4000000,36055
20110905,000000,766.2000000,769.0000000,762.6000000,764.6000000,1465
20110906,000000,763.6000000,770.6000000,750.0000000,764.4000000,35015
20110907,000000,764.2000000,774.2000000,746.0000000,750.4000000,30912
20110908,000000,751.0000000,753.6000000,733.4000000,741.0000000,34126
20110909,000000,741.0000000,742.0000000,727.0000000,729.6000000,30676
20110911,000000,730.2000000,732.2000000,724.4000000,732.2000000,1130
20110912,000000,732.0000000,735.0000000,710.2000000,729.6000000,50224
20110913,000000,730.0000000,730.0000000,696.0000000,699.2000000,51549
20110914,000000,699.2000000,712.6000000,698.0000000,701.2000000,35270
20110915,000000,702.0000000,703.2000000,686.0000000,700.6000000,39833
20110916,000000,700.6000000,706.0000000,687.0000000,688.2000000,31286
20110918,000000,688.2000000,691.2000000,684.2000000,685.2000000,1372
20110919,000000,685.0000000,685.0000000,667.0000000,680.0000000,43887
20110920,000000,680.0000000,687.6000000,671.0000000,676.6000000,27648
20110921,000000,677.0000000,683.0000000,658.4000000,660.4000000,32410
20110922,000000,660.6000000,661.0000000,632.2000000,645.4000000,55123
20110923,000000,644.2000000,649.4000000,634.0000000,640.6000000,53739
20110925,000000,646.6000000,647.6000000,637.6000000,639.6000000,2752
20110926,000000,639.2000000,659.6000000,624.2000000,656.2000000,43437
20110927,000000,656.0000000,670.0000000,645.0000000,648.6000000,44014
20110928,000000,649.0000000,657.4000000,627.2000000,639.2000000,44809
20110929,000000,639.2000000,661.4000000,636.6000000,658.0000000,50575
20110930,000000,658.0000000,661.2000000,605.0000000,609.2000000,69623
20111002,000000,609.2000000,614.6000000,605.2000000,606.2000000,3411
20111003,000000,605.6000000,623.0000000,596.6000000,616.4000000,55699
20111004,000000,616.4000000,620.4000000,596.6000000,610.4000000,49244
20111005,000000,611.0000000,632.0000000,608.6000000,626.4000000,42832
20111006,000000,626.0000000,639.6000000,613.2000000,618.2000000,46519
20111007,000000,618.2000000,623.0000000,606.0000000,607.4000000,33773
20111009,000000,607.4000000,628.2000000,606.2000000,621.2000000,2286
20111010,000000,621.0000000,629.0000000,610.4000000,616.2000000,33679
20111011,000000,616.2000000,665.2000000,612.4000000,657.4000000,77767
20111012,000000,657.0000000,662.6000000,618.4000000,625.4000000,65009
20111013,000000,625.6000000,630.4000000,605.0000000,621.2000000,47695
20111014,000000,621.2000000,633.0000000,612.2000000,622.6000000,35779
20111016,000000,623.6000000,626.4000000,621.4000000,624.2000000,1222
20111017,000000,623.6000000,635.2000000,619.0000000,625.6000000,30220
20111018,000000,625.2000000,631.6000000,613.0000000,627.4000000,32486
20111019,000000,628.0000000,637.6000000,613.4000000,616.2000000,33972
20111020,000000,616.2000000,635.2000000,614.2000000,634.0000000,33555
20111021,000000,634.0000000,649.4000000,628.2000000,632.0000000,50327
20111023,000000,631.2000000,640.6000000,630.4000000,640.6000000,890
20111024,000000,640.6000000,646.6000000,633.0000000,642.0000000,26047
20111025,000000,642.0000000,647.0000000,634.0000000,641.2000000,25039
20111026,000000,641.4000000,643.2000000,616.4000000,628.6000000,37515
20111027,000000,629.0000000,647.6000000,625.2000000,640.0000000,41535
20111028,000000,640.2000000,652.6000000,636.2000000,644.4000000,35914
20111030,000000,645.0000000,648.0000000,635.0000000,636.2000000,1218
20111031,000000,636.4000000,639.6000000,619.2000000,628.2000000,39400
20111101,000000,628.4000000,631.6000000,612.0000000,630.2000000,34768
20111102,000000,630.2000000,638.4000000,620.2000000,625.0000000,27182
20111103,000000,624.6000000,644.2000000,620.0000000,633.2000000,34281
20111104,000000,633.2000000,640.0000000,623.2000000,636.6000000,30468
20111106,000000,639.6000000,639.6000000,633.2000000,634.6000000,759
20111107,000000,635.0000000,641.4000000,630.0000000,640.2000000,28075
20111108,000000,640.2000000,659.2000000,638.0000000,656.4000000,40243
20111109,000000,656.2000000,657.6000000,633.0000000,641.2000000,38208
20111110,000000,641.0000000,648.6000000,618.6000000,623.0000000,92763
20111111,000000,623.2000000,625.6000000,609.4000000,616.6000000,31674
20111113,000000,616.6000000,621.6000000,616.2000000,621.0000000,1799
20111114,000000,620.4000000,622.0000000,610.2000000,615.0000000,23060
20111115,000000,614.6000000,634.2000000,613.4000000,626.6000000,36335
20111116,000000,626.4000000,639.6000000,610.4000000,617.0000000,35060
20111117,000000,617.4000000,617.4000000,590.2000000,595.2000000,34940
20111118,000000,595.4000000,602.4000000,586.4000000,598.2000000,19448
20111120,000000,598.4000000,602.0000000,595.6000000,596.2000000,811
20111121,000000,596.4000000,597.0000000,584.4000000,593.6000000,17043
20111122,000000,593.0000000,595.4000000,586.0000000,588.2000000,10105
20111123,000000,587.2000000,588.4000000,577.2000000,579.2000000,11798
20111124,000000,582.0000000,582.2000000,576.2000000,577.4000000,234
20111125,000000,578.0000000,586.2000000,572.2000000,574.4000000,8255
20111127,000000,579.6000000,581.0000000,577.4000000,578.2000000,387
20111128,000000,579.4000000,585.6000000,573.4000000,577.2000000,6217
20111129,000000,577.0000000,599.2000000,572.4000000,593.2000000,7296
20111130,000000,593.0000000,624.6000000,588.4000000,624.4000000,2274
20111201,000000,624.6000000,625.0000000,605.6000000,615.4000000,37605
20111202,000000,615.6000000,632.0000000,611.6000000,625.4000000,41086
20111204,000000,627.4000000,628.4000000,620.2000000,621.6000000,953
20111205,000000,621.6000000,631.6000000,607.0000000,608.2000000,37036
20111206,000000,608.2000000,617.0000000,600.2000000,611.4000000,33257
20111207,000000,611.2000000,611.4000000,595.0000000,596.6000000,30032
20111208,000000,596.6000000,603.0000000,590.6000000,595.6000000,31935
20111209,000000,595.6000000,599.4000000,584.0000000,596.0000000,31699
20111211,000000,593.4000000,598.6000000,593.0000000,595.4000000,671
20111212,000000,594.4000000,601.6000000,587.2000000,594.4000000,26349
20111213,000000,594.6000000,609.0000000,593.4000000,600.6000000,25186
20111214,000000,601.4000000,602.6000000,579.0000000,580.6000000,37832
20111215,000000,580.6000000,588.0000000,577.2000000,580.0000000,27245
20111216,000000,580.0000000,587.4000000,577.4000000,583.6000000,22669
20111218,000000,586.0000000,590.6000000,582.0000000,583.6000000,1777
20111219,000000,583.6000000,603.0000000,581.6000000,597.0000000,28719
20111220,000000,597.0000000,608.6000000,595.4000000,606.4000000,26025
20111221,000000,606.4000000,619.2000000,600.0000000,614.2000000,35230
20111222,000000,615.0000000,625.6000000,611.4000000,619.4000000,28957
20111223,000000,619.2000000,627.6000000,618.6000000,622.0000000,16431
20111227,000000,629.2000000,647.0000000,628.2000000,644.2000000,29689
20111228,000000,644.2000000,656.0000000,643.2000000,643.4000000,29471
20111229,000000,643.6000000,654.4000000,641.6000000,643.4000000,25728
20111230,000000,643.4000000,654.4000000,643.0000000,652.6000000,23451
20120103,000000,666.0000000,670.6000000,651.4000000,653.4000000,43613
20120104,000000,653.2000000,663.0000000,645.2000000,647.0000000,33659
20120105,000000,647.0000000,650.2000000,626.4000000,629.4000000,45825
20120106,000000,629.6000000,636.6000000,624.4000000,624.6000000,30657
20120108,000000,625.2000000,631.6000000,625.0000000,631.4000000,1009
20120109,000000,631.4000000,645.0000000,631.0000000,642.6000000,45505
20120110,000000,643.0000000,643.4000000,634.2000000,638.6000000,28427
20120111,000000,638.4000000,645.0000000,632.2000000,644.0000000,36096
20120112,000000,643.6000000,648.6000000,592.0000000,605.6000000,61869
20120113,000000,606.2000000,610.0000000,599.0000000,600.4000000,42458
20120116,000000,603.4000000,609.2000000,603.2000000,607.2000000,1915
20120117,000000,607.0000000,611.6000000,601.4000000,604.2000000,31113
20120118,000000,604.2000000,604.2000000,590.0000000,594.2000000,39857
20120119,000000,594.6000000,610.4000000,594.0000000,610.4000000,37070
20120120,000000,610.2000000,612.0000000,597.0000000,610.4000000,30480
20120122,000000,613.4000000,617.6000000,613.4000000,615.2000000,1687
20120123,000000,615.0000000,621.4000000,613.4000000,617.2000000,32221
20120124,000000,617.0000000,638.0000000,614.0000000,632.6000000,56127
20120125,000000,632.4000000,649.6000000,629.4000000,645.0000000,50321
20120126,000000,645.0000000,658.2000000,644.6000000,646.4000000,52488
20120127,000000,646.4000000,656.4000000,645.6000000,647.2000000,40068
20120129,000000,647.2000000,654.0000000,646.6000000,647.6000000,1700
20120130,000000,647.4000000,649.0000000,635.2000000,648.2000000,36223
20120131,000000,648.4000000,675.0000000,648.0000000,673.4000000,59652
20120201,000000,673.4000000,683.6000000,667.6000000,670.4000000,51724
20120202,000000,671.0000000,673.6000000,657.0000000,662.4000000,50245
20120203,000000,662.6000000,671.0000000,653.2000000,660.6000000,41666
20120205,000000,660.0000000,660.0000000,656.2000000,658.0000000,762
20120206,000000,658.4000000,672.0000000,657.6000000,665.6000000,31353
20120207,000000,666.0000000,668.2000000,655.2000000,663.0000000,35455
20120208,000000,663.0000000,670.0000000,653.0000000,662.0000000,33184
20120209,000000,662.4000000,664.6000000,638.2000000,641.0000000,50004
20120210,000000,641.2000000,643.2000000,628.2000000,630.0000000,39075
20120212,000000,638.2000000,638.4000000,633.2000000,637.2000000,1708
20120213,000000,637.4000000,642.2000000,631.2000000,638.2000000,32691
20120214,000000,637.6000000,643.0000000,632.4000000,637.2000000,24382
20120215,000000,637.2000000,640.4000000,624.2000000,626.6000000,31738
20120216,000000,626.4000000,632.6000000,621.0000000,632.0000000,32411
20120217,000000,631.6000000,646.6000000,631.0000000,644.0000000,26041
20120220,000000,647.2000000,648.6000000,643.0000000,644.4000000,1428
20120221,000000,644.6000000,645.6000000,623.4000000,631.6000000,29889
20120222,000000,631.4000000,645.6000000,628.4000000,642.4000000,20024
20120223,000000,642.2000000,645.2000000,635.2000000,638.4000000,16761
20120224,000000,638.4000000,643.6000000,632.4000000,641.0000000,13413
20120226,000000,641.6000000,643.2000000,640.2000000,640.2000000,920
20120227,000000,640.4000000,647.4000000,630.0000000,645.0000000,7677
20120228,000000,645.0000000,665.2000000,643.2000000,665.2000000,4287
20120229,000000,664.4000000,671.4000000,658.2000000,663.4000000,2583
20120301,000000,664.2000000,672.4000000,658.6000000,662.0000000,39323
20120302,000000,662.0000000,675.4000000,657.4000000,674.4000000,40222
20120304,000000,673.4000000,675.6000000,672.6000000,672.6000000,1462
20120305,000000,673.0000000,677.6000000,665.2000000,668.2000000,35029
20120306,000000,668.0000000,669.2000000,655.2000000,658.4000000,37479
20120307,000000,658.2000000,658.4000000,636.4000000,644.0000000,54579
20120308,000000,644.2000000,647.6000000,633.4000000,639.2000000,35722
20120309,000000,639.0000000,650.0000000,634.2000000,643.0000000,44384
20120311,000000,642.6000000,642.6000000,638.0000000,640.6000000,817
20120312,000000,640.4000000,654.2000000,639.0000000,653.6000000,32391
20120313,000000,653.4000000,657.4000000,645.2000000,649.4000000,33055
20120314,000000,649.6000000,651.0000000,640.6000000,645.2000000,29991
20120315,000000,644.6000000,667.2000000,644.0000000,664.0000000,56845
20120316,000000,663.4000000,673.0000000,660.0000000,672.0000000,35054
20120318,000000,670.2000000,675.2000000,669.0000000,673.0000000,1201
20120319,000000,672.2000000,673.0000000,643.4000000,646.2000000,43271
20120320,000000,646.0000000,648.4000000,640.0000000,647.0000000,40416
20120321,000000,647.0000000,647.0000000,635.4000000,639.4000000,31889
20120322,000000,639.0000000,651.0000000,631.2000000,649.4000000,44838
20120323,000000,649.6000000,655.2000000,646.2000000,654.2000000,30199
20120325,000000,654.4000000,655.6000000,650.0000000,652.6000000,993
20120326,000000,652.4000000,670.4000000,651.2000000,660.0000000,53796
20120327,000000,660.2000000,663.4000000,638.6000000,643.0000000,50500
20120328,000000,643.2000000,646.2000000,630.0000000,634.0000000,44172
20120329,000000,634.0000000,634.4000000,611.2000000,615.6000000,55246
20120330,000000,615.4000000,668.6000000,613.4000000,660.6000000,86769
20120401,000000,663.0000000,666.4000000,656.2000000,656.6000000,3031
20120402,000000,657.0000000,661.2000000,649.2000000,653.6000000,51564
20120403,000000,653.4000000,659.0000000,649.4000000,655.2000000,34599
20120404,000000,655.4000000,656.0000000,635.4000000,641.2000000,46405
20120405,000000,641.4000000,650.0000000,636.0000000,638.4000000,43186
20120408,000000,637.0000000,643.2000000,636.4000000,641.4000000,1694
20120409,000000,641.4000000,649.0000000,636.6000000,642.4000000,33648
20120410,000000,642.4000000,653.2000000,619.6000000,625.2000000,65330
20120411,000000,625.0000000,633.6000000,624.6000000,631.0000000,33019
20120412,000000,631.0000000,645.6000000,629.0000000,640.0000000,36225
20120413,000000,640.2000000,641.0000000,618.4000000,623.4000000,40122
20120415,000000,623.0000000,623.0000000,615.4000000,616.0000000,1214
20120416,000000,616.0000000,625.4000000,615.0000000,620.6000000,21683
20120417,000000,620.2000000,627.0000000,615.0000000,616.4000000,20503
20120418,000000,616.6000000,618.6000000,604.2000000,615.4000000,29594
20120419,000000,615.4000000,628.2000000,615.0000000,625.6000000,16470
20120420,000000,625.4000000,627.6000000,614.2000000,615.6000000,19189
20120422,000000,616.4000000,617.2000000,614.2000000,616.4000000,717
20120423,000000,615.6000000,627.6000000,614.4000000,625.0000000,11403
20120424,000000,625.0000000,639.2000000,622.6000000,627.0000000,7978
20120425,000000,627.2000000,633.6000000,615.0000000,616.6000000,6240
20120426,000000,617.2000000,627.6000000,617.0000000,626.4000000,5212
20120427,000000,625.0000000,646.0000000,623.6000000,642.2000000,4456
20120429,000000,645.0000000,646.4000000,643.2000000,644.4000000,24
20120430,000000,644.4000000,655.4000000,633.6000000,650.4000000,2089
20120501,000000,650.4000000,651.4000000,636.6000000,638.2000000,30570
20120502,000000,638.4000000,640.0000000,611.6000000,618.0000000,67046
20120503,000000,618.2000000,621.6000000,613.2000000,617.4000000,37738
20120504,000000,617.6000000,620.6000000,599.4000000,608.6000000,56476
20120506,000000,607.4000000,611.0000000,605.0000000,607.2000000,1505
20120507,000000,606.6000000,615.6000000,600.6000000,614.6000000,36409
20120508,000000,615.0000000,621.2000000,611.2000000,612.4000000,34845
20120509,000000,611.6000000,614.2000000,598.2000000,605.4000000,41729
20120510,000000,605.0000000,607.4000000,595.0000000,601.4000000,39572
20120511,000000,602.0000000,604.0000000,592.2000000,597.0000000,38901
20120513,000000,599.4000000,601.0000000,598.0000000,600.0000000,1049
20120514,000000,600.2000000,602.0000000,592.2000000,601.0000000,28537
20120515,000000,600.4000000,617.2000000,600.4000000,607.6000000,51402
20120516,000000,608.0000000,647.6000000,604.0000000,643.2000000,65597
20120517,000000,643.4000000,658.4000000,640.0000000,654.0000000,72174
20120518,000000,653.6000000,697.4000000,653.6000000,695.2000000,104411
20120520,000000,699.6000000,722.0000000,698.4000000,710.0000000,11983
20120521,000000,710.0000000,714.0000000,682.6000000,697.2000000,95823
20120522,000000,697.2000000,702.2000000,674.6000000,677.4000000,80783
20120523,000000,677.0000000,679.6000000,663.4000000,671.4000000,60646
20120524,000000,671.6000000,676.4000000,661.6000000,664.2000000,42699
20120525,000000,663.4000000,688.2000000,663.4000000,675.0000000,52522
20120528,000000,673.2000000,684.0000000,672.2000000,674.0000000,2723
20120529,000000,674.4000000,679.4000000,653.2000000,653.4000000,63394
20120530,000000,653.2000000,656.6000000,644.2000000,650.2000000,55657
20120531,000000,650.2000000,653.6000000,642.0000000,643.0000000,41086
20120601,000000,643.0000000,644.0000000,611.0000000,612.2000000,68044
20120603,000000,620.4000000,621.6000000,613.2000000,614.4000000,1901
20120604,000000,614.4000000,631.4000000,613.2000000,629.4000000,32813
20120605,000000,629.4000000,630.4000000,611.6000000,617.6000000,41253
20120606,000000,617.0000000,628.6000000,615.4000000,624.2000000,32586
20120607,000000,624.0000000,644.6000000,620.2000000,634.4000000,39538
20120608,000000,634.4000000,638.6000000,627.6000000,630.2000000,34514
20120610,000000,629.6000000,634.4000000,629.0000000,633.2000000,1243
20120611,000000,633.4000000,642.2000000,626.6000000,634.0000000,34255
20120612,000000,633.4000000,639.6000000,613.2000000,619.0000000,37507
20120613,000000,619.0000000,623.6000000,614.2000000,617.6000000,24008
20120614,000000,617.6000000,629.0000000,616.6000000,624.2000000,26159
20120615,000000,624.4000000,627.6000000,607.4000000,609.4000000,32871
20120617,000000,613.0000000,619.4000000,612.0000000,616.0000000,1551
20120618,000000,615.6000000,639.2000000,614.6000000,635.2000000,34022
20120619,000000,634.2000000,653.2000000,633.0000000,650.2000000,30068
20120620,000000,650.4000000,665.2000000,639.2000000,656.4000000,29223
20120621,000000,656.6000000,682.0000000,656.6000000,662.4000000,39686
20120622,000000,662.6000000,684.6000000,662.4000000,673.2000000,32728
20120624,000000,682.0000000,691.4000000,682.0000000,688.6000000,1885
20120625,000000,688.6000000,738.6000000,686.4000000,718.0000000,21501
20120626,000000,718.6000000,735.2000000,709.2000000,722.2000000,10419
20120627,000000,722.2000000,744.6000000,721.4000000,729.2000000,6892
20120628,000000,729.4000000,747.2000000,723.0000000,746.0000000,7120
20120629,000000,745.2000000,763.0000000,740.0000000,757.2000000,45391
20120701,000000,761.6000000,774.6000000,761.6000000,763.6000000,2928
20120702,000000,764.0000000,781.6000000,756.2000000,781.4000000,34123
20120703,000000,780.6000000,800.6000000,774.2000000,799.2000000,32306
20120705,000000,812.0000000,840.6000000,809.2000000,825.0000000,49407
20120706,000000,825.0000000,825.0000000,804.0000000,806.2000000,35291
20120708,000000,815.4000000,825.2000000,815.0000000,824.6000000,2937
20120709,000000,825.2000000,844.6000000,810.4000000,818.0000000,40862
20120710,000000,817.4000000,833.2000000,806.6000000,824.4000000,37699
20120711,000000,823.6000000,848.4000000,803.2000000,827.4000000,58552
20120712,000000,827.4000000,858.0000000,826.0000000,852.6000000,44384
20120713,000000,852.2000000,865.6000000,845.6000000,847.6000000,34041
20120715,000000,858.0000000,868.6000000,856.2000000,868.2000000,2386
20120716,000000,868.2000000,897.6000000,868.0000000,895.4000000,39840
20120717,000000,895.2000000,898.4000000,866.0000000,880.2000000,44117
20120718,000000,880.2000000,907.6000000,865.4000000,906.4000000,40748
20120719,000000,906.4000000,938.0000000,905.6000000,931.0000000,58799
20120720,000000,931.2000000,944.6000000,916.6000000,943.2000000,46537
20120722,000000,945.6000000,947.2000000,921.6000000,924.4000000,3076
20120723,000000,924.4000000,933.6000000,887.0000000,895.2000000,48830
20120724,000000,895.2000000,903.0000000,852.6000000,886.6000000,64238
20120725,000000,886.4000000,909.0000000,881.4000000,888.0000000,46717
20120726,000000,888.0000000,904.4000000,873.6000000,884.0000000,38180
20120727,000000,883.2000000,911.0000000,882.0000000,898.0000000,35237
20120729,000000,906.4000000,913.6000000,903.0000000,913.6000000,2029
20120730,000000,913.4000000,919.6000000,901.0000000,910.2000000,28105
20120731,000000,911.6000000,919.4000000,886.0000000,895.4000000,42183
20120801,000000,895.2000000,897.0000000,861.6000000,879.4000000,39049
20120802,000000,879.5000000,882.0000000,856.0000000,864.7500000,34975
20120803,000000,864.0000000,907.0000000,860.4000000,891.2000000,36634
20120805,000000,882.6000000,888.6000000,876.6000000,882.4000000,2610
20120806,000000,882.4000000,897.2000000,879.4000000,892.4000000,23584
20120807,000000,892.6000000,904.4000000,881.4000000,883.2000000,26468
20120808,000000,883.0000000,903.2000000,869.2000000,903.0000000,38982
20120809,000000,902.6000000,919.4000000,901.0000000,916.4000000,28987
20120810,000000,916.4000000,931.6000000,880.0000000,885.2000000,42183
20120812,000000,883.2000000,885.2000000,875.0000000,877.6000000,2967
20120813,000000,877.6000000,878.2000000,854.6000000,861.0000000,27939
20120814,000000,860.6000000,866.0000000,838.2000000,843.6000000,28074
20120815,000000,843.4000000,850.6000000,840.4000000,842.4000000,14374
20120816,000000,842.6000000,868.6000000,842.4000000,866.2000000,12696
20120817,000000,866.2000000,880.0000000,865.6000000,874.4000000,9822
20120819,000000,874.0000000,876.6000000,870.0000000,871.4000000,267
20120820,000000,871.4000000,884.0000000,866.6000000,883.2000000,9201
20120821,000000,883.2000000,904.6000000,880.6000000,898.4000000,13768
20120822,000000,897.6000000,898.2000000,889.4000000,896.4000000,6612
20120823,000000,894.0000000,903.2000000,871.0000000,885.0000000,10328
20120824,000000,884.0000000,885.4000000,866.0000000,867.4000000,10488
20120826,000000,871.4000000,877.6000000,866.0000000,873.6000000,537
20120827,000000,874.4000000,874.4000000,860.0000000,865.0000000,3975
20120828,000000,864.4000000,869.0000000,851.4000000,857.6000000,3335
20120829,000000,857.2000000,887.4000000,855.6000000,881.6000000,3186
20120830,000000,881.0000000,904.0000000,878.4000000,903.6000000,3466
20120831,000000,903.6000000,906.0000000,862.2000000,870.0000000,34470
20120903,000000,892.0000000,898.6000000,891.6000000,898.4000000,2062
20120904,000000,898.6000000,904.0000000,881.0000000,884.6000000,36252
20120905,000000,885.2000000,887.0000000,865.2000000,872.4000000,37379
20120906,000000,872.4000000,894.4000000,871.6000000,889.4000000,43766
20120907,000000,889.2000000,912.4000000,884.6000000,905.0000000,45542
20120909,000000,903.0000000,910.0000000,901.2000000,907.2000000,1473
20120910,000000,907.6000000,917.4000000,884.4000000,886.4000000,46604
20120911,000000,886.0000000,898.2000000,882.2000000,886.6000000,34369
20120912,000000,887.0000000,896.2000000,868.6000000,896.2000000,58860
20120913,000000,896.2000000,905.0000000,887.2000000,899.2000000,36310
20120914,000000,899.6000000,931.0000000,899.0000000,924.2000000,63607
20120916,000000,922.0000000,926.4000000,906.4000000,909.2000000,3166
20120917,000000,909.2000000,918.6000000,876.2000000,887.0000000,60407
20120918,000000,887.0000000,888.0000000,860.6000000,872.6000000,58255
20120919,000000,872.2000000,886.0000000,866.4000000,879.4000000,42714
20120920,000000,879.0000000,893.6000000,869.0000000,882.2000000,55764
20120921,000000,882.2000000,899.2000000,881.4000000,897.2000000,46970
20120923,000000,897.4000000,907.2000000,890.4000000,894.6000000,4052
20120924,000000,894.2000000,904.4000000,883.2000000,891.0000000,39197
20120925,000000,891.0000000,898.0000000,880.6000000,885.4000000,33875
20120926,000000,885.4000000,885.6000000,866.2000000,870.2000000,37643
20120927,000000,870.2000000,876.0000000,849.2000000,858.0000000,50469
20120928,000000,857.2000000,907.0000000,850.6000000,902.4000000,95061
20120930,000000,902.2000000,904.2000000,891.4000000,897.0000000,4806
20121001,000000,897.2000000,900.4000000,872.2000000,881.0000000,56887
20121002,000000,881.0000000,881.4000000,863.6000000,866.0000000,42148
20121003,000000,865.4000000,878.4000000,858.0000000,869.0000000,40406
20121004,000000,869.0000000,882.6000000,866.6000000,869.6000000,30573
20121005,000000,869.2000000,870.2000000,856.2000000,857.4000000,34302
20121007,000000,857.4000000,865.6000000,855.0000000,861.2000000,2557
20121008,000000,861.2000000,868.4000000,856.4000000,868.4000000,23479
20121009,000000,868.2000000,873.6000000,863.4000000,865.0000000,23867
20121010,000000,865.4000000,876.6000000,865.2000000,867.4000000,32010
20121011,000000,867.4000000,894.0000000,859.0000000,881.2000000,69489
20121012,000000,882.0000000,882.2000000,853.2000000,856.6000000,55152
20121014,000000,860.0000000,860.2000000,851.6000000,856.2000000,2622
20121015,000000,856.4000000,857.6000000,840.2000000,853.4000000,45980
20121016,000000,853.2000000,857.6000000,843.6000000,851.0000000,35089
20121017,000000,850.4000000,867.0000000,847.2000000,860.6000000,27106
20121018,000000,860.6000000,876.0000000,860.2000000,867.6000000,38675
20121019,000000,868.0000000,885.4000000,866.0000000,872.4000000,45480
20121021,000000,873.0000000,879.2000000,871.4000000,878.4000000,1477
20121022,000000,878.6000000,884.4000000,873.0000000,876.2000000,25358
20121023,000000,875.6000000,876.0000000,860.0000000,866.4000000,40260
20121024,000000,866.4000000,895.0000000,865.6000000,883.4000000,57016
20121025,000000,884.0000000,889.0000000,871.0000000,872.6000000,36931
20121026,000000,872.4000000,878.2000000,863.2000000,863.6000000,30854
20121028,000000,864.4000000,866.0000000,860.4000000,864.4000000,1322
20121029,000000,864.4000000,871.2000000,857.0000000,860.0000000,22238
20121030,000000,860.2000000,866.4000000,852.6000000,861.2000000,24780
20121031,000000,861.2000000,875.0000000,859.2000000,868.4000000,41281
20121101,000000,868.2000000,877.4000000,861.4000000,864.0000000,41395
20121102,000000,864.0000000,873.6000000,858.6000000,864.4000000,35348
20121104,000000,864.6000000,869.0000000,863.0000000,867.0000000,1091
20121105,000000,866.6000000,875.6000000,863.4000000,872.2000000,32539
20121106,000000,873.0000000,879.6000000,870.6000000,876.0000000,28613
20121107,000000,876.0000000,897.0000000,874.4000000,893.0000000,59580
20121108,000000,893.0000000,905.0000000,886.4000000,903.2000000,56622
20121109,000000,903.0000000,916.4000000,884.0000000,886.4000000,70919
20121111,000000,885.4000000,886.0000000,877.0000000,880.2000000,3787
20121112,000000,880.2000000,882.2000000,855.0000000,856.6000000,64714
20121113,000000,857.2000000,864.4000000,843.2000000,851.0000000,52144
20121114,000000,850.4000000,858.0000000,845.2000000,850.6000000,38051
20121115,000000,850.6000000,856.4000000,843.2000000,845.0000000,31975
20121116,000000,845.0000000,850.0000000,829.4000000,838.0000000,46548
20121118,000000,836.4000000,841.4000000,835.6000000,840.2000000,2682
20121119,000000,840.6000000,848.0000000,838.6000000,841.4000000,27074
20121120,000000,841.2000000,849.6000000,837.4000000,841.6000000,26041
20121121,000000,841.4000000,849.4000000,841.0000000,845.2000000,16609
20121123,000000,849.4000000,853.6000000,845.2000000,847.6000000,15957
20121125,000000,849.2000000,849.6000000,844.4000000,849.0000000,966
20121126,000000,848.2000000,854.6000000,847.6000000,854.2000000,14289
20121127,000000,854.4000000,873.4000000,853.4000000,871.0000000,17500
20121128,000000,871.0000000,880.0000000,864.6000000,874.6000000,9138
20121129,000000,875.0000000,883.0000000,865.0000000,879.4000000,10610
20121130,000000,879.4000000,880.4000000,862.4000000,863.4000000,53396
20121202,000000,869.2000000,876.0000000,867.0000000,875.0000000,4931
20121203,000000,874.6000000,877.2000000,856.0000000,856.4000000,39492
20121204,000000,856.6000000,865.0000000,851.4000000,853.6000000,35436
20121205,000000,853.4000000,863.4000000,852.4000000,858.4000000,30689
20121206,000000,858.4000000,864.6000000,853.0000000,862.2000000,26737
20121207,000000,862.2000000,863.4000000,852.6000000,861.0000000,32748
20121209,000000,861.0000000,862.4000000,856.6000000,857.2000000,1492
20121210,000000,856.6000000,858.6000000,845.2000000,845.4000000,28881
20121211,000000,845.2000000,845.4000000,813.6000000,814.0000000,65608
20121212,000000,813.6000000,824.0000000,807.6000000,808.2000000,46588
20121213,000000,808.2000000,817.6000000,801.4000000,808.2000000,48654
20121214,000000,808.4000000,817.4000000,806.2000000,814.0000000,29330
20121216,000000,815.2000000,819.0000000,810.0000000,814.6000000,2342
20121217,000000,814.4000000,818.2000000,805.0000000,808.4000000,23630
20121218,000000,808.6000000,816.4000000,801.4000000,813.4000000,34134
20121219,000000,813.4000000,822.6000000,802.0000000,805.6000000,42949
20121220,000000,806.0000000,806.0000000,782.4000000,792.2000000,48391
20121221,000000,792.4000000,798.6000000,790.4000000,792.0000000,20988
20121223,000000,793.4000000,796.2000000,793.4000000,795.2000000,918
20121224,000000,795.0000000,796.2000000,791.2000000,793.6000000,5513
20121226,000000,791.0000000,791.4000000,771.2000000,774.6000000,18880
20121227,000000,774.6000000,778.0000000,764.4000000,774.2000000,27151
20121228,000000,773.6000000,784.4000000,766.4000000,778.6000000,31129
20121230,000000,778.6000000,779.0000000,769.0000000,770.6000000,2192
20121231,000000,770.4000000,780.0000000,767.6000000,778.0000000,18558
20130102,000000,786.2000000,788.0000000,752.4000000,759.4000000,47785
20130103,000000,759.2000000,761.2000000,749.6000000,755.0000000,39530
20130104,000000,755.4000000,757.6000000,739.6000000,747.2000000,41281
20130106,000000,749.0000000,754.6000000,743.4000000,752.2000000,2202
20130107,000000,752.4000000,760.4000000,744.6000000,752.6000000,40193
20130108,000000,753.2000000,759.2000000,748.2000000,748.6000000,49649
20130109,000000,748.4000000,757.0000000,745.0000000,749.0000000,50545
20130110,000000,749.0000000,756.4000000,743.6000000,745.0000000,54194
20130111,000000,745.2000000,773.0000000,736.2000000,754.6000000,98985
20130113,000000,761.0000000,768.4000000,760.6000000,766.4000000,3648
20130114,000000,766.2000000,777.0000000,765.2000000,770.6000000,72077
20130115,000000,770.6000000,789.6000000,769.2000000,785.0000000,60331
20130116,000000,785.2000000,791.0000000,777.0000000,784.4000000,48103
20130117,000000,784.4000000,788.0000000,776.0000000,782.0000000,36328
20130118,000000,781.6000000,793.6000000,778.6000000,791.2000000,39701
20130121,000000,794.4000000,799.6000000,794.4000000,799.0000000,3369
20130122,000000,799.0000000,799.4000000,772.6000000,776.6000000,50972
20130123,000000,777.2000000,785.0000000,769.6000000,772.4000000,39549
20130124,000000,772.2000000,775.0000000,763.0000000,770.6000000,39887
20130125,000000,770.4000000,781.2000000,764.2000000,776.4000000,38434
20130127,000000,778.0000000,782.0000000,777.0000000,779.4000000,1171
20130128,000000,779.6000000,783.0000000,770.4000000,778.4000000,25053
20130129,000000,778.4000000,785.0000000,771.6000000,776.4000000,25490
20130130,000000,776.4000000,790.0000000,773.2000000,789.4000000,37962
20130131,000000,789.4000000,791.0000000,773.6000000,778.6000000,38606
20130201,000000,778.6000000,790.0000000,764.4000000,765.0000000,57136
20130203,000000,767.4000000,769.0000000,764.0000000,767.4000000,1847
20130204,000000,767.2000000,774.0000000,761.0000000,763.0000000,30368
20130205,000000,763.2000000,765.2000000,751.0000000,757.4000000,36400
20130206,000000,757.4000000,764.0000000,746.4000000,760.4000000,40298
20130207,000000,760.6000000,764.4000000,752.6000000,757.6000000,29648
20130208,000000,757.4000000,770.6000000,753.0000000,756.2000000,56088
20130210,000000,757.4000000,759.4000000,753.2000000,754.4000000,977
20130211,000000,754.6000000,756.0000000,740.2000000,740.4000000,42763
20130212,000000,740.4000000,741.4000000,725.4000000,730.6000000,43254
20130213,000000,730.4000000,739.2000000,722.4000000,735.6000000,33073
20130214,000000,735.4000000,740.6000000,725.0000000,735.0000000,33028
20130215,000000,735.0000000,744.4000000,733.4000000,742.2000000,34758
20130218,000000,745.2000000,746.6000000,742.2000000,744.6000000,1750
20130219,000000,745.0000000,747.2000000,726.2000000,731.0000000,30756
20130220,000000,731.2000000,740.6000000,727.6000000,736.0000000,22303
20130221,000000,736.2000000,737.2000000,719.2000000,723.2000000,24681
20130222,000000,723.2000000,729.6000000,713.4000000,715.0000000,15874
20130224,000000,714.6000000,717.4000000,709.2000000,711.2000000,1273
20130225,000000,711.4000000,714.0000000,698.0000000,701.2000000,12248
20130226,000000,701.4000000,714.4000000,697.6000000,714.0000000,36280
20130227,000000,714.2000000,722.0000000,710.0000000,711.6000000,37044
20130228,000000,712.0000000,723.0000000,711.0000000,720.2000000,35006
20130301,000000,720.0000000,726.6000000,708.0000000,720.4000000,37462
20130303,000000,721.0000000,721.6000000,717.0000000,718.0000000,1824
20130304,000000,717.6000000,718.0000000,697.4000000,703.4000000,43109
20130305,000000,704.0000000,708.6000000,701.0000000,706.0000000,26651
20130306,000000,706.0000000,706.4000000,681.0000000,686.4000000,47952
20130307,000000,686.4000000,697.4000000,681.4000000,695.0000000,37919
20130308,000000,695.2000000,703.0000000,687.2000000,697.0000000,38286
20130310,000000,696.2000000,704.2000000,693.6000000,703.0000000,1576
20130311,000000,702.6000000,708.2000000,695.0000000,700.6000000,29636
20130312,000000,700.4000000,706.4000000,695.6000000,703.4000000,24905
20130313,000000,704.0000000,713.0000000,697.0000000,708.6000000,41205
20130314,000000,708.6000000,725.4000000,708.4000000,723.2000000,41444
20130315,000000,723.2000000,724.0000000,717.4000000,723.0000000,29417
20130317,000000,721.0000000,721.4000000,713.2000000,715.4000000,1798
20130318,000000,715.0000000,719.2000000,705.4000000,714.4000000,29721
20130319,000000,714.2000000,728.4000000,709.2000000,727.2000000,31866
20130320,000000,727.0000000,736.6000000,723.0000000,736.0000000,32614
20130321,000000,736.2000000,736.4000000,725.2000000,726.0000000,24681
20130322,000000,726.0000000,731.4000000,715.4000000,729.6000000,33247
20130324,000000,729.2000000,730.2000000,727.0000000,729.0000000,839
20130325,000000,729.0000000,730.6000000,722.4000000,727.4000000,23969
20130326,000000,727.4000000,732.6000000,723.4000000,731.4000000,33367
20130327,000000,731.4000000,740.6000000,729.2000000,738.6000000,29483
20130328,000000,738.4000000,741.6000000,682.6000000,687.6000000,67319
20130331,000000,681.4000000,688.6000000,681.2000000,682.2000000,3185
20130401,000000,682.0000000,684.4000000,659.6000000,668.4000000,47085
20130402,000000,668.4000000,676.4000000,664.2000000,676.0000000,47008
20130403,000000,676.2000000,705.4000000,675.6000000,697.0000000,60592
20130404,000000,697.2000000,700.4000000,684.4000000,694.0000000,48460
20130405,000000,693.6000000,700.4000000,689.0000000,699.0000000,24540
20130407,000000,700.2000000,708.6000000,699.4000000,705.4000000,2112
20130408,000000,705.4000000,716.0000000,701.2000000,710.2000000,28221
20130409,000000,710.6000000,714.2000000,703.6000000,704.0000000,23744
20130410,000000,704.0000000,713.0000000,688.0000000,695.0000000,37838
20130411,000000,695.2000000,705.6000000,695.2000000,703.0000000,20501
20130412,000000,702.6000000,716.0000000,702.6000000,714.6000000,22280
20130414,000000,715.4000000,715.4000000,705.4000000,706.0000000,1014
20130415,000000,706.0000000,707.4000000,688.4000000,696.2000000,29789
20130416,000000,696.6000000,706.2000000,689.6000000,705.0000000,14033
20130417,000000,705.0000000,715.4000000,698.4000000,704.0000000,16994
20130418,000000,704.2000000,712.0000000,696.0000000,700.4000000,11076
20130419,000000,702.0000000,711.6000000,697.6000000,709.0000000,8436
20130421,000000,706.6000000,707.0000000,702.6000000,705.0000000,304
20130422,000000,705.4000000,705.6000000,691.2000000,700.4000000,11188
20130423,000000,700.0000000,700.2000000,690.2000000,695.4000000,6337
20130424,000000,695.2000000,698.6000000,688.4000000,692.6000000,6235
20130425,000000,693.4000000,705.4000000,691.4000000,699.2000000,7752
20130426,000000,699.0000000,699.6000000,685.4000000,688.6000000,10176
20130428,000000,690.0000000,699.6000000,690.0000000,696.0000000,1203
20130429,000000,696.0000000,713.0000000,692.4000000,711.6000000,6164
20130430,000000,710.2000000,731.6000000,697.2000000,723.2000000,3201
20130501,000000,723.2000000,729.2000000,713.2000000,723.0000000,41533
20130502,000000,723.2000000,732.0000000,717.6000000,731.6000000,28170
20130503,000000,732.2000000,735.0000000,716.4000000,721.0000000,36597
20130505,000000,713.4000000,714.6000000,706.0000000,711.6000000,1775
20130506,000000,711.0000000,713.6000000,700.4000000,705.4000000,33036
20130507,000000,705.2000000,711.0000000,698.2000000,709.0000000,35454
20130508,000000,709.4000000,712.6000000,699.6000000,703.0000000,26060
20130509,000000,703.6000000,727.6000000,703.4000000,721.6000000,46304
20130510,000000,722.2000000,722.2000000,702.0000000,704.2000000,43536
20130512,000000,701.4000000,705.4000000,701.2000000,705.2000000,1216
20130513,000000,705.2000000,718.6000000,703.2000000,711.4000000,36128
20130514,000000,711.2000000,716.6000000,706.6000000,710.0000000,24214
20130515,000000,710.2000000,710.4000000,692.4000000,695.0000000,38974
20130516,000000,695.2000000,699.0000000,681.4000000,687.6000000,45663
20130517,000000,687.6000000,689.6000000,680.2000000,683.2000000,31360
20130519,000000,681.4000000,688.4000000,681.0000000,686.4000000,1859
20130520,000000,686.2000000,687.4000000,674.4000000,681.0000000,25690
20130521,000000,681.0000000,684.2000000,674.0000000,682.0000000,20622
20130522,000000,682.4000000,692.6000000,682.2000000,691.0000000,20304
20130523,000000,690.6000000,709.0000000,690.4000000,703.2000000,36143
20130524,000000,703.0000000,707.4000000,696.2000000,697.4000000,20090
20130527,000000,697.6000000,699.2000000,694.2000000,697.2000000,1992
20130528,000000,697.0000000,705.0000000,687.6000000,693.2000000,34087
20130529,000000,693.4000000,704.0000000,688.6000000,698.4000000,36791
20130530,000000,698.2000000,702.2000000,687.4000000,696.6000000,32480
20130531,000000,696.2000000,707.4000000,692.4000000,705.4000000,32875
20130602,000000,707.0000000,711.4000000,707.0000000,711.0000000,2205
20130603,000000,711.2000000,714.4000000,692.4000000,703.0000000,44414
20130604,000000,703.0000000,713.2000000,700.0000000,712.2000000,27834
20130605,000000,712.2000000,712.2000000,698.6000000,702.0000000,18273
20130606,000000,701.6000000,706.2000000,693.4000000,695.6000000,27218
20130607,000000,696.0000000,703.2000000,694.2000000,696.2000000,20788
20130609,000000,693.2000000,693.6000000,692.0000000,692.2000000,699
20130610,000000,691.6000000,693.4000000,680.4000000,686.6000000,35489
20130611,000000,686.6000000,699.6000000,686.6000000,693.2000000,26154
20130612,000000,693.0000000,696.6000000,679.0000000,680.4000000,37084
20130613,000000,680.2000000,687.0000000,675.0000000,682.2000000,23715
20130614,000000,682.4000000,684.0000000,676.4000000,679.2000000,12092
